ID	IJC_SAMPLE_1	SJC_SAMPLE_1	IJC_SAMPLE_2	SJC_SAMPLE_2	IncFormLen	SkipFormLen
1	1,45,79,119,70	0,0,0,1,0	109,152,111	0,0,4	298	149
2	35,0,7,6,0	9,1,3,2,0	20,62,73	10,8,34	298	149
3	19,6,4,4,0	0,0,1,0,0	10,34,35	0,0,0	298	149
4	12,6,3,10,4	0,2,40,0,2	2,30,22	22,52,96	298	149
5	0,0,26,13,0	0,0,26,64,0	0,0,0	0,0,14	226	149
6	1,2,0,0,3	14,26,6,6,1	4,6,26	18,4,19	222	149
7	0,4,22,4,1	2,19,21,3,26	22,16,24	8,8,20	298	149
8	10,10,12,6,10	0,6,17,4,0	73,35,75	20,36,11	212	149
9	10,36,56,57,56	2,12,17,29,33	24,36,30	0,16,35	222	149
10	33,340,206,242,212	0,25,13,44,30	511,613,1033	45,78,67	250	149
11	0,2,7,0,0	0,0,10,5,0	0,16,17	3,10,9	236	149
12	0,73,79,100,78	0,0,8,0,5	9,24,50	0,0,2	298	149
13	2,102,142,152,125	0,6,2,6,9	11,20,64	0,4,2	298	149
14	0,17,11,22,3	0,0,1,0,2	86,37,20	35,4,0	224	149
15	13,25,15,19,20	0,10,0,4,0	77,27,38	18,0,8	298	149
16	2,7,1,15,0	0,0,0,0,0	147,8,21	1871,67,173	238	149
17	0,1,0,0,0	0,0,0,2,0	83,7,56	15,1,18	230	149
18	17,242,257,254,236	2,42,35,42,52	320,227,270	23,35,62	224	149
19	587,2668,963,1657,938	25,297,111,204,126	2531,1214,2276	159,175,221	281	149
20	276,1260,1382,1336,1181	15,58,140,41,225	1767,2161,1850	175,124,98	215	149
21	2,25,22,27,29	1,49,65,39,7	66,48,38	18,18,2	298	149
22	110,650,335,648,379	2,49,53,28,34	3527,2827,3695	654,477,658	245	149
23	375,2018,1824,2390,1775	15,82,99,62,84	2646,2079,3208	322,244,366	298	149
24	0,8,87,8,1	0,0,2,0,0	68,56,45	0,0,0	298	149
25	158,826,1265,1559,1535	0,20,144,65,51	194,593,528	4,33,18	298	149
26	51,336,246,341,188	114,579,833,724,462	501,503,569	10813,7512,9499	225	149
27	1466,7325,2416,6169,2336	172,529,298,431,323	1927,712,939	1323,339,605	236	149
28	40,47,222,207,46	3,18,19,49,3	14,33,25	0,0,6	227	149
29	0,0,0,0,0	0,0,7,2,0	93,46,71	0,51,26	194	149
30	0,6,10,6,0	1,71,69,69,63	8,4,29	293,215,391	230	149
31	4,0,0,0,5	22,71,14,40,32	7,6,17	129,113,206	224	149
32	37,639,64,177,44	0,0,0,0,7	379,115,455	14,0,6	220	149
33	0,5,2,10,0	0,0,1,0,0	32,1,1	9,0,2	247	149
34	454,2867,1778,2432,1256	0,4,2,4,13	4581,3860,5341	16,5,3	248	149
35	3,67,5,11,8	0,5,0,0,0	173,60,212	19,36,48	227	149
36	6,44,10,22,4	2,35,0,11,2	203,55,165	138,69,199	218	149
37	4,118,214,56,86	0,10,16,0,1	392,460,657	64,87,109	239	149
38	15,83,52,58,103	2,9,14,14,10	239,250,228	24,16,57	298	149
39	41,158,124,218,174	4,22,20,12,9	166,138,194	103,82,100	212	149
40	73,238,206,291,298	15,59,54,81,54	293,224,318	59,40,57	284	149
41	62,218,247,182,358	0,17,26,10,13	1884,939,1007	120,59,56	235	149
42	70,374,350,645,372	4,28,58,35,64	201,162,293	8,27,30	219	149
43	238,803,897,1431,1014	104,344,348,292,428	2629,2256,2026	894,1276,1359	274	149
44	232,1625,2309,1872,2184	592,4437,5017,4561,5034	1846,1847,1859	5888,6410,6217	263	149
45	0,2,8,2,6	0,13,11,2,19	18,25,40	12,23,9	215	149
46	0,25,31,4,29	109,970,456,557,419	95,78,45	1171,701,1135	248	149
47	42,305,379,325,331	2,21,25,20,12	305,460,537	2,4,13	233	149
48	218,2336,1574,1827,1452	38,470,298,337,300	1707,1811,2592	68,39,76	298	149
49	121,946,174,274,160	37,279,153,138,99	278,153,271	32,66,103	227	149
50	145,1029,200,297,169	6,85,61,29,18	318,174,291	24,28,35	230	149
51	33,271,50,111,74	2,2,3,2,0	441,88,206	11,0,0	230	149
52	21,81,38,48,15	0,4,0,0,0	0,15,24	0,0,5	243	149
53	21,95,44,56,17	7,167,11,77,13	0,16,30	0,64,167	256	149
54	12,143,131,125,84	4,0,14,0,10	43,106,54	0,6,4	298	149
55	8,40,14,9,6	0,26,20,8,0	84,24,29	43,34,25	233	149
56	4,114,377,134,64	0,4,4,0,0	45,44,60	0,20,15	275	149
57	263,1844,1715,3647,2110	369,3245,3119,4456,3631	551,489,558	300,253,195	298	149
58	0,3,0,2,4	0,0,0,0,0	38,12,20	0,0,2	206	149
60	3,26,4,8,2	0,1,0,0,4	12,9,48	12,4,0	231	149
61	4,23,6,34,2	0,6,0,12,2	5,0,10	0,0,0	298	149
62	4,25,6,29,2	0,2,0,0,0	7,0,10	0,0,0	263	149
63	23,249,225,295,193	7,36,68,30,80	691,489,747	43,39,87	298	149
66	0,0,0,2,0	0,0,0,0,0	20,0,2	8,15,15	298	149
68	0,2,0,0,0	0,28,39,2,56	2,0,0	13,41,42	215	149
69	0,9,3,6,9	4,0,3,0,2	5,1,4	0,0,0	244	149
70	0,6,3,3,3	0,0,0,0,0	5,1,4	0,0,2	215	149
71	50,331,199,194,120	0,2,3,2,8	378,271,747	8,6,12	284	149
72	19,279,261,389,291	1,22,25,16,42	133,70,140	35,3,28	298	149
73	6,64,72,297,72	0,0,1,9,0	19,4,20	10,3,0	239	149
74	12,18,2,11,6	0,2,0,1,2	18,6,25	3,3,6	289	149
75	1,23,29,20,4	0,0,0,0,1	54,45,54	24,0,17	219	149
76	16,80,58,40,79	33,114,35,52,12	270,92,114	211,39,166	298	149
77	1,18,25,30,9	0,0,2,2,4	1264,562,1192	72,75,112	269	149
78	4,8,5,6,2	0,3,0,0,0	19,3,5	0,0,0	298	149
79	0,6,1,2,0	10,45,12,84,0	8,2,2	0,3,0	240	149
82	0,0,4,3,0	14,0,0,0,0	0,3,7	0,1,2	216	149
83	0,3,3,7,0	0,0,1,4,0	2,1,9	0,0,0	298	149
84	0,0,0,0,0	5,1,2,1,1	0,13,16	0,21,18	203	149
85	2,8,0,32,22	8,4,0,0,12	40,26,35	17,7,33	207	149
86	96,456,410,392,360	21,23,230,92,96	279,453,362	495,403,723	230	149
87	4,4,10,0,13	0,0,0,0,0	80,12,8	9,2,0	298	149
88	25,147,28,70,63	2,131,46,35,32	0,0,0	0,8,2	298	149
90	0,0,0,0,7	0,0,0,0,0	32,6,17	4,5,31	223	149
91	14,46,60,39,41	0,0,5,0,5	199,54,66	4,2,3	298	149
92	108,951,286,764,236	0,58,13,27,8	1110,827,1586	193,68,159	210	149
93	1817,9639,13046,12288,11937	23306,123705,169024,190879,154777	19,33,23	237,313,310	150	149
94	215,1890,4162,2149,3077	18,91,265,74,231	121,132,117	15,26,36	209	149
95	83,970,960,807,1268	0,3,0,4,1	883,965,830	0,0,0	298	149
96	56,568,501,633,666	6,37,83,61,81	542,401,527	0,0,0	298	149
97	113,764,682,850,894	8,63,71,96,94	575,487,635	0,12,0	298	149
98	104,978,1021,1003,1198	20,36,78,39,139	652,852,703	84,51,27	298	149
99	77,576,562,829,596	2,28,15,6,18	311,288,400	6,4,2	298	149
100	11,56,14,9,17	22,125,13,2,10	118,4,37	362,45,132	298	149
101	50,244,50,65,52	9,134,63,59,70	302,46,72	240,364,499	298	149
102	108,688,1169,1033,1117	60,1719,2278,2051,1444	23,62,43	146,412,305	281	149
103	3,18,21,5,6	0,2,0,0,0	36,26,27	5,0,1	298	149
105	0,4,0,0,0	0,0,0,0,0	0,0,0	0,0,8	298	149
106	2,26,16,16,1	0,0,0,6,0	122,1,19	0,4,0	233	149
107	11,87,128,126,90	1,7,73,44,31	129,86,91	137,111,242	298	149
108	73,441,416,831,415	63,215,377,722,282	363,233,332	622,843,1392	230	149
109	4,44,47,30,24	49,313,283,252,155	101,44,95	693,515,1031	215	149
110	129,954,574,740,423	0,31,6,0,2	745,610,1121	9,12,8	242	149
111	4,125,154,80,118	0,2,9,2,2	161,250,285	10,8,20	242	149
112	0,21,25,9,3	0,0,0,96,0	67,9,11	0,0,0	247	149
113	15,15,18,17,13	0,0,0,0,0	53,56,92	45,39,16	298	149
115	2,1,9,4,0	0,0,3,0,0	0,0,15	2,31,29	298	149
116	4,34,34,63,96	7,2,26,18,31	433,489,314	95,70,60	230	149
117	1,31,28,65,31	0,2,0,2,0	324,272,199	7,10,3	298	149
118	7,26,43,60,79	0,0,6,0,0	592,580,436	0,0,2	298	149
119	1,16,45,20,33	6,2,2,0,0	346,183,132	15,6,39	298	149
120	4,23,38,1,13	0,0,6,8,0	12,14,31	32,59,52	298	149
121	0,1,5,0,11	0,3,12,2,0	132,77,150	14,9,9	215	149
122	2,1,0,8,7	0,1,2,0,1	6,28,12	0,0,0	256	149
123	40,389,26,192,14	4,19,2,26,0	372,37,197	10,0,2	235	149
125	0,9,12,13,2	0,0,0,0,0	32,35,77	0,5,3	298	149
126	4,31,16,10,10	0,0,0,0,0	50,42,68	1,2,14	233	149
127	25,186,208,171,173	0,2,4,4,2	2673,2260,2614	158,208,192	298	149
128	8,103,98,64,67	0,0,19,0,14	1231,926,1560	57,64,81	230	149
129	9,106,107,112,237	1,4,19,8,29	8,17,10	6,17,7	298	149
130	37,466,541,325,452	0,0,0,0,0	658,571,354	0,3,0	298	149
131	16,233,150,249,85	0,38,66,51,12	172,99,275	77,90,130	237	149
132	252,1620,1125,1024,1012	4,49,24,34,21	1568,1378,2444	177,239,315	245	149
133	0,12,4,0,5	2,14,19,9,34	4,1,20	33,52,69	212	149
134	0,2,1,4,2	0,5,0,0,4	8,6,2	8,0,6	206	149
135	34,183,459,257,260	0,45,48,10,15	41,34,29	0,6,4	298	149
136	22,177,266,100,150	0,11,5,4,4	55,42,39	0,0,2	298	149
137	6,53,50,48,33	0,6,2,0,0	57,26,68	0,0,0	230	149
138	0,4,30,16,22	28,116,1715,101,233	7,7,4	66,48,84	209	149
139	12,37,68,27,63	1,8,4,7,8	78,7,46	1,22,6	298	149
141	160,2469,1061,1648,344	12,205,102,131,77	716,480,1015	28,88,101	241	149
142	172,2775,1192,1802,349	2,169,104,65,25	768,509,1042	77,116,134	268	149
143	0,5,8,4,4	0,42,3,8,10	4,4,28	4,22,42	298	149
144	2,5,10,31,1045	0,5,867,997,4	6,129,133	256,95,101	236	149
145	2,5,188,229,1732	12,85,0,0,0	81,201,232	0,0,0	298	149
146	169,733,285,382,1714	0,0,41,25,0	257,166,415	9,7,6	298	149
147	2,12,74,101,38	5,18,125,107,35	0,13,0	8,17,12	239	149
150	4,25,9,24,27	0,44,10,10,24	16,10,10	4,10,6	254	149
151	6,1,13,2,4	0,3,9,2,0	14,19,33	10,14,20	233	149
152	204,1781,746,987,285	28,486,436,427,228	1495,262,1284	80,60,150	298	149
153	0,6,10,24,2	0,16,13,16,14	2,0,2	0,1,1	219	149
154	0,6,10,24,2	0,0,0,6,2	2,0,2	2,0,0	222	149
155	12,120,64,102,48	2,23,25,25,26	250,105,237	197,156,178	236	149
156	0,23,5,13,14	0,6,2,10,4	22,4,18	50,21,49	292	149
157	0,2,10,0,0	0,0,0,0,0	10,30,44	36,28,58	239	149
158	4,53,52,148,70	0,11,12,22,3	1499,565,890	20,6,14	228	149
159	898,7959,16511,10050,84	0,0,0,132,6012	377,135,169	0,2,43	182	149
162	12,50,64,27,42	0,1,2,0,0	89,230,164	26,47,52	217	149
163	0,0,4,0,0	0,0,4,2,0	26,40,18	232,198,82	298	149
164	144,1017,666,549,396	0,6,4,0,0	361,529,773	4,0,0	298	149
165	31,225,70,62,32	0,15,1,0,5	134,42,137	119,27,56	252	149
166	27,214,66,60,32	4,1,0,2,0	121,36,131	23,2,5	248	149
168	2,3,16,4,19	5,9,2,10,30	21,21,56	242,714,425	298	149
169	55,214,66,77,53	14,68,27,28,12	55,39,100	38,9,28	240	149
170	34,380,270,277,197	0,14,27,20,2	201,290,406	15,12,5	242	149
171	113,345,189,344,212	0,2,2,3,0	397,193,290	2,12,23	298	149
172	10,111,76,92,35	16,5,0,3,2	869,482,813	62,45,60	227	149
173	0,8,20,8,4	0,4,0,0,9	32,22,15	2,8,3	223	149
174	10,80,20,33,9	10,33,21,50,7	5,0,1	6,5,16	223	149
175	56,165,31,76,16	0,0,0,22,0	6,0,17	0,0,0	298	149
176	46,99,16,52,19	0,3,3,3,4	7,0,16	0,0,2	205	149
177	25,304,192,255,173	9,99,97,133,32	27,62,31	8,14,22	298	149
179	8,143,100,103,109	2,51,60,73,21	206,167,233	89,30,41	298	149
180	0,0,6,0,0	0,0,10,0,0	0,2,0	0,0,0	222	149
181	243,1573,1923,1123,1406	16,119,142,90,142	2330,2536,1961	962,1058,1159	227	149
182	133,838,2340,1166,1019	10,86,329,163,160	33,33,5	0,0,0	298	149
184	30,386,419,356,317	10,46,79,61,39	76,193,222	36,33,52	245	149
185	4,56,60,47,17	0,14,7,6,7	30,39,65	34,13,16	298	149
186	8,302,457,155,237	0,9,15,14,20	3134,1435,2210	108,76,116	248	149
187	2,11,12,11,1	14,94,20,46,22	18,5,22	104,24,102	209	149
188	0,29,46,45,10	4,58,67,52,13	16,21,49	183,130,105	293	149
189	61,1029,414,512,575	0,28,0,14,17	355,269,400	3,2,8	298	149
190	269,873,919,1402,955	6,158,60,58,63	218,136,386	9,0,0	298	149
191	269,806,896,1049,1068	15,124,87,50,54	270,222,439	18,13,32	298	149
192	36,228,154,152,140	3,73,40,22,48	323,228,378	204,142,279	218	149
193	15,46,10,12,5	0,5,13,0,0	340,57,132	23,9,33	251	149
194	182,1020,897,860,737	7,58,102,33,76	1454,1519,1536	694,534,618	298	149
196	26,196,198,186,225	0,10,4,0,4	1463,962,1398	15,56,70	298	149
197	71,401,201,645,175	88,468,413,960,462	488,147,182	292,254,226	259	149
198	44,813,965,848,1022	6,83,129,86,72	553,598,637	61,47,33	260	149
200	0,61,11,53,18	0,23,17,14,7	10,13,22	2,4,20	298	149
201	0,48,5,27,10	0,2,0,2,0	26,20,24	0,4,0	247	149
202	100,683,251,282,234	4,50,29,33,4	1556,744,1551	177,184,385	248	149
203	8,61,88,31,40	1,13,0,4,0	250,208,248	67,42,41	242	149
204	135,1207,1160,1142,679	0,32,34,39,36	1635,1416,2225	14,26,45	231	149
205	22,140,65,106,52	4,50,14,44,18	20,0,6	0,0,1	231	149
207	0,53,2,0,0	0,0,0,0,4	4,1,10	6,8,28	298	149
208	0,26,11,18,24	0,0,12,4,3	120,145,223	0,0,16	230	149
209	0,26,11,18,24	8,12,46,24,9	120,145,221	42,78,42	209	149
210	6,49,63,62,34	0,0,0,14,8	83,90,93	10,3,14	298	149
211	6,49,63,62,34	0,0,2,0,2	83,90,91	4,0,4	298	149
213	0,1,0,0,0	0,4,7,12,0	2,2,14	5,2,10	220	149
214	14,26,21,4,48	0,0,1,0,0	137,148,218	9,1,0	224	149
215	1,4,9,9,4	1,4,1,2,2	9,31,31	65,12,28	298	149
216	3,44,42,17,10	2,4,14,2,7	0,14,53	86,46,101	250	149
217	189,181,52,34,65	0,0,11,0,0	1193,248,463	11,2,8	298	149
218	23,150,212,274,436	0,0,0,2,8	115,95,124	14,0,0	298	149
220	13,46,9,118,1	0,4,10,2,23	0,3,6	0,0,0	230	149
223	1,8,8,2,0	15,130,14,21,0	47,30,23	269,19,170	218	149
224	1,37,3,13,14	0,1,0,0,0	422,46,130	47,7,7	238	149
225	26,2,25,2,12	0,0,0,0,0	54,35,77	2,4,0	239	149
228	21,54,229,34,34	12,0,0,0,0	21,36,72	0,6,0	246	149
229	331,1720,2267,1419,1687	11,134,284,176,126	4848,5303,5782	420,480,654	245	149
232	722,2463,1123,1446,1020	8,60,97,40,53	1231,1191,1363	112,140,183	245	149
233	12,165,216,166,95	4,4,40,13,11	333,188,229	21,43,22	215	149
235	21,51,56,80,122	14,28,59,41,20	133,115,115	64,97,103	298	149
236	0,68,62,63,70	0,0,4,0,0	28,29,9	4,10,0	267	149
237	26,443,73,168,45	3,27,17,51,14	1391,265,1678	63,62,67	234	149
238	4,47,9,34,24	2,4,0,2,14	180,52,94	122,0,63	218	149
239	222,1393,454,780,356	62,235,233,284,166	3575,1915,3157	2066,1900,2216	298	149
240	0,6,19,4,6	0,11,4,1,0	19,31,43	18,5,14	230	149
241	71,297,37,111,68	11,12,1,2,0	332,100,276	17,1,9	257	149
242	7,159,67,224,390	0,0,7,22,64	53,24,34	4,0,0	224	149
243	15,165,88,241,403	6,112,130,199,70	53,24,34	4,4,3	227	149
244	152,1874,1243,2496,1574	1,70,83,75,75	455,596,592	24,43,66	239	149
245	64,332,186,233,280	0,8,24,8,10	877,855,1439	42,31,71	239	149
247	48,200,82,26,35	0,7,0,2,2	559,94,134	29,6,12	298	149
248	10,173,24,83,30	1,0,0,8,0	1154,203,354	99,2,9	233	149
249	15,83,53,74,18	0,12,12,2,4	29,25,57	92,87,110	261	149
250	4,0,0,0,0	0,0,4,4,0	41,12,62	0,0,0	298	149
251	0,4,11,0,1	5,10,0,0,0	28,3,23	17,0,5	228	149
252	2,2,0,0,0	0,0,0,0,2	36,11,49	0,2,9	228	149
253	2,5,0,0,0	0,0,0,0,0	24,9,33	0,1,5	228	149
254	3,2,1,1,0	0,0,0,0,0	34,4,44	0,0,2	228	149
256	0,50,77,33,63	12,124,87,134,102	20,17,19	8,0,16	298	149
257	154,931,1535,1068,1667	24,120,363,202,196	620,362,512	1058,603,804	206	149
258	25,39,51,44,28	0,0,0,0,0	0,2,0	0,4,0	298	149
259	18,34,40,26,29	0,2,0,6,0	0,2,4	0,0,0	298	149
260	8,30,41,27,26	4,4,4,0,3	0,2,0	0,0,0	298	149
261	13,82,46,77,19	34,166,65,119,14	0,21,2	0,5,0	207	149
262	151,970,1281,1359,2181	14,225,325,233,35	72,132,53	0,23,2	230	149
263	50,430,471,587,1101	15,218,312,353,0	41,36,35	0,2,3	298	149
264	176,1155,2435,1006,1025	0,21,23,4,9	3963,3413,4266	280,191,217	298	149
265	114,1115,2010,788,803	1,20,67,23,20	3637,3164,3290	368,361,402	293	149
266	138,928,1719,744,675	6,10,49,4,15	3090,2481,3043	71,64,67	298	149
267	127,885,1560,992,863	1,39,63,34,41	2681,3059,3329	313,307,338	298	149
268	105,681,1172,801,750	10,210,327,122,184	2863,2664,2907	897,638,775	236	149
269	0,7,69,12,26	2,12,35,8,0	19,0,4	47,0,10	298	149
270	0,7,46,6,9	0,0,2,0,23	14,0,4	19,3,0	298	149
271	55,623,119,235,90	26,126,21,26,21	23,10,12	0,0,0	236	149
272	77,462,571,320,409	4,22,41,29,40	1159,580,944	18,12,10	221	149
274	0,3,17,4,0	2,0,0,0,0	8,4,12	16,4,0	193	149
275	4,3,17,4,10	0,4,9,0,8	10,14,16	87,132,29	213	149
276	83,811,944,495,440	6,43,79,10,45	3915,2903,3816	151,122,133	251	149
278	15,93,67,37,69	10,101,46,21,27	120,121,196	313,172,356	248	149
279	2,60,115,68,91	2,10,72,58,42	60,41,41	21,18,2	298	149
280	2,45,64,46,55	0,0,8,6,4	32,29,22	51,3,34	298	149
281	3,62,93,77,69	4,37,60,51,33	54,40,53	88,49,98	298	149
282	32,499,350,432,200	2,61,141,163,118	94,88,121	8,2,14	298	149
283	19,282,279,295,283	0,16,12,28,20	251,189,237	16,14,4	298	149
284	3,125,115,81,119	11,29,17,16,29	102,59,76	12,28,20	298	149
285	0,0,19,6,0	0,7,515,6,2	236,182,180	199,392,90	221	149
286	107,904,365,698,311	20,117,29,56,33	1271,901,1594	184,107,263	218	149
287	156,617,355,517,286	0,29,4,8,10	250,354,514	2,14,6	213	149
288	46,311,46,35,48	0,0,0,0,0	73,15,76	6,0,4	208	149
289	67,676,992,607,967	0,51,49,54,32	22,42,58	0,1,0	239	149
290	1,20,11,5,16	0,6,9,3,11	33,16,24	4,0,9	249	149
291	128,332,222,306,391	23,102,164,106,168	1288,1159,1074	1167,785,709	298	149
292	169,1245,751,1336,697	16,111,127,88,50	603,576,830	1,2,8	203	149
293	10,14,31,16,6	0,0,0,0,0	10,4,14	0,2,0	215	149
294	0,17,34,38,3	0,16,33,13,15	0,10,9	2,0,0	298	149
295	0,14,10,50,0	0,3,4,0,0	0,10,9	0,0,0	298	149
296	2,0,1,0,2	0,0,0,8,0	323,199,353	108,137,104	230	149
297	41,285,102,80,48	12,28,117,12,36	324,82,232	85,51,60	298	149
298	8,8,11,4,23	15,8,4,0,36	59,56,136	117,128,98	208	149
299	10,23,29,12,7	4,1,0,0,0	684,37,135	4,0,0	298	149
300	3,44,41,13,9	2,6,1,0,2	20,29,40	28,17,19	245	149
301	0,32,17,16,6	0,0,1,0,0	136,64,86	20,11,17	220	149
302	7,5,34,11,6	0,6,2,0,3	269,120,175	485,470,288	298	149
303	18,25,116,35,27	0,2,14,8,6	2140,1251,1070	175,181,116	222	149
304	122,511,337,312,366	2,21,42,41,16	562,563,656	45,31,20	257	149
305	75,275,280,292,398	2,0,0,0,2	285,97,116	56,19,83	298	149
306	85,2120,965,1188,772	8,197,86,93,38	117,2,10	0,0,1	233	149
307	104,996,552,651,597	15,144,132,139,104	996,563,929	257,169,252	225	149
308	62,387,428,366,312	0,11,50,40,2	567,288,293	124,36,42	298	149
309	44,253,121,139,67	4,55,16,34,9	516,119,194	0,4,2	298	149
310	3144,37839,13878,21548,9842	0,11,8,4,5	23836,13665,35160	2,2,19	298	149
311	245,1608,330,888,226	8,58,46,61,55	4177,1444,5173	95,68,97	233	149
312	0,24,23,22,49	0,0,0,0,1	80,100,14	4,8,8	209	149
313	0,26,31,28,26	0,0,0,0,0	48,57,2	6,18,0	214	149
314	85,339,155,218,126	3,7,12,0,0	897,440,1096	56,66,145	298	149
316	14,63,8,23,14	0,13,2,0,0	613,41,88	6,0,0	287	149
317	98,508,240,446,195	16,161,9,46,18	558,304,672	24,19,67	227	149
318	10,185,116,77,107	4,57,82,53,62	15,6,49	2,2,35	229	149
319	2767,3864,5199,3038,2473	2657,10192,8495,8599,11143	101,99,179	29,29,34	241	149
320	0,10,10,4,13	0,0,0,0,1	0,0,3	0,0,2	260	149
321	5,16,30,28,31	0,0,10,2,0	28,64,100	4,2,5	251	149
322	12,53,18,15,3	0,12,1,12,0	6,24,47	13,8,17	217	149
324	55,138,109,148,98	0,39,2,19,14	411,293,541	19,21,17	227	149
325	0,1,0,0,0	0,0,0,0,0	0,0,0	26,0,0	252	149
326	0,0,1,4,0	0,3,0,2,3	19,4,0	24,7,14	231	149
327	0,0,16,2,1	0,0,42,4,11	18,18,4	14,16,13	298	149
328	50,390,583,488,433	0,0,0,4,2	58,38,41	0,0,0	298	149
329	16,158,68,85,77	1,4,21,4,2	0,5,3	0,0,9	224	149
330	0,1,0,0,2	0,0,0,0,0	22,8,15	2,0,12	298	149
331	190,1117,1050,958,1000	30,229,212,114,173	3039,5015,3450	203,309,255	218	149
332	0,0,0,2,0	0,0,0,0,0	30,16,6	0,0,2	209	149
334	29,189,171,370,203	5,46,91,159,67	22,51,7	14,11,9	223	149
335	0,140,68,107,71	0,56,28,39,30	6,9,4	0,0,0	298	149
336	1,13,20,1,7	23,353,296,206,312	18,5,8	197,97,85	221	149
337	108,932,567,774,491	25,180,205,235,136	316,296,346	83,146,163	254	149
338	106,859,520,744,438	57,530,464,656,420	297,279,320	170,267,242	251	149
339	9,187,34,34,21	0,4,1,0,0	86,4,42	6,2,6	242	149
340	2,0,14,0,6	0,0,0,0,0	0,1,0	8,0,0	233	149
343	509,2414,2256,3946,5239	32,123,211,262,403	667,486,714	110,71,114	298	149
344	10,11,4,10,4	0,0,0,0,2	2,21,46	0,7,2	226	149
345	304,1951,1108,1362,941	14,41,18,34,16	1089,802,986	235,337,316	298	149
346	162,1443,984,1035,746	9,113,43,42,45	393,459,647	3,19,16	219	149
347	189,848,424,385,337	4,53,12,17,4	3324,1001,1503	731,291,382	243	149
348	189,849,427,389,337	1,81,42,24,50	3328,1008,1513	840,553,814	248	149
349	0,25,4,6,7	98,740,370,398,215	46,19,32	515,470,576	230	149
350	0,35,4,22,10	2,18,10,21,6	134,75,4	348,142,2	248	149
351	2,4,6,3,4	1,9,34,53,6	4,8,5	0,0,3	224	149
352	0,0,0,0,0	0,0,2,0,0	0,0,1	0,2,3	243	149
353	38,1163,1208,1568,878	0,53,71,86,65	334,226,282	35,41,84	257	149
354	291,2015,306,1415,226	10,55,11,75,12	706,267,1034	31,13,53	233	149
355	49,217,267,228,170	3,47,74,77,132	947,857,826	74,115,95	298	149
356	167,665,675,645,444	2,169,169,79,195	2643,2093,2365	174,119,140	298	149
357	4,8,26,10,16	2,0,17,2,1	2,6,28	4,4,6	282	149
358	0,6,26,32,5	0,0,0,0,0	5524,1890,1849	16,7,18	298	149
359	8,67,72,76,69	0,21,0,6,0	38,6,5	4,0,0	298	149
360	32,60,135,60,90	0,5,21,20,12	924,785,838	80,77,108	234	149
361	25,553,320,403,289	13,134,222,123,92	1773,1191,1954	263,175,240	298	149
362	112,1052,678,667,547	6,26,67,23,36	1585,1149,1988	68,50,110	224	149
363	0,0,0,2,0	0,0,0,0,0	8,4,7	14,10,20	288	149
364	168,836,693,676,737	23,70,62,48,52	1895,982,1075	86,107,115	249	149
365	160,859,682,648,737	17,120,81,117,174	1971,1035,1089	168,341,180	298	149
366	0,0,5,3,8	0,0,0,0,0	67,22,31	11,1,0	298	149
367	579,4705,4095,11878,7854	6,196,120,249,127	413,220,282	0,2,8	298	149
368	276,2219,1758,7500,3166	0,47,49,296,110	405,162,246	0,0,0	298	149
369	4,275,151,275,36	4,51,34,35,19	5,28,29	15,17,33	229	149
370	4,125,152,200,33	0,10,0,4,6	10,33,22	4,7,3	212	149
371	2,7,104,8,10	0,0,36,0,2	992,240,911	166,84,216	250	149
372	45,301,345,235,362	10,197,263,161,268	263,315,400	18,32,44	293	149
374	10,17,17,15,2	4,13,2,0,0	859,208,1049	78,39,81	222	149
375	10,42,120,110,103	0,0,9,0,0	23,25,22	0,9,6	246	149
376	18,53,77,87,56	6,3,60,51,14	2,18,21	2,9,8	215	149
377	23,34,82,82,45	0,0,6,4,0	18,30,16	0,18,0	274	149
378	12,22,9,7,2	0,0,1,0,0	581,250,471	48,0,90	216	149
379	4,6,15,5,3	0,0,0,0,2	146,27,68	90,24,60	225	149
380	10,30,36,44,20	0,0,0,0,12	4,40,28	4,20,18	250	149
381	4,0,13,15,6	0,0,0,0,0	12,11,19	0,2,0	298	149
382	0,0,7,5,4	0,0,3,0,0	20,11,2	6,7,10	273	149
383	4,100,128,124,60	0,0,17,2,2	361,418,308	29,35,67	224	149
384	5,33,37,50,33	0,2,4,0,0	251,107,197	37,93,56	298	149
385	6,54,89,57,25	0,0,5,0,0	232,393,304	68,55,39	294	149
386	8,19,0,20,0	0,0,0,0,0	43,13,70	10,0,2	236	149
387	7,101,75,89,63	0,0,0,0,0	93,111,160	10,0,3	247	149
388	7,107,77,90,63	0,0,0,0,0	100,114,160	4,2,2	258	149
389	4,35,82,28,19	0,0,1,6,2	8,94,42	8,24,18	260	149
391	0,2,2,0,14	0,0,2,0,24	0,6,7	1,4,1	250	149
392	6,103,24,102,10	2,7,0,0,0	70,52,108	47,0,0	263	149
393	26,159,69,62,34	0,30,0,2,6	154,41,126	46,10,62	230	149
394	4,35,17,19,30	0,0,2,4,14	6,11,5	0,0,0	298	149
395	1,0,7,0,0	0,0,6,0,1	78,70,63	198,199,274	221	149
396	86,541,199,289,150	0,9,8,31,5	2121,770,1612	306,108,265	298	149
397	102,562,178,289,91	0,14,4,5,0	2020,737,1707	52,8,32	298	149
398	8,30,33,10,18	0,2,10,9,0	65,31,24	0,12,14	224	149
399	0,38,37,38,37	0,4,12,1,17	27,14,21	16,3,4	298	149
400	1,11,5,18,0	0,0,0,6,0	128,16,15	2,0,0	249	149
402	8,9,7,2,0	2,3,0,0,0	29,4,6	2,0,0	261	149
405	22,98,46,44,28	0,0,2,0,0	20,27,36	0,0,6	255	149
406	12,29,5,30,52	0,2,11,14,2	16,29,51	0,0,0	298	149
407	0,9,1,2,0	0,0,6,0,2	30,48,48	6,0,0	298	149
408	59,49,10,11,2	2,8,8,2,32	13,15,15	27,31,36	295	149
409	0,2,17,2,75	0,0,0,0,19	1,0,2	2,0,9	264	149
410	5,60,17,21,12	262,2634,817,889,548	5,4,6	501,106,499	239	149
411	24,82,82,74,33	22,56,62,42,150	217,169,169	254,384,314	257	149
412	1,18,37,34,34	5,6,10,9,18	75,113,53	33,21,49	227	149
413	5,19,1,22,16	0,0,0,0,0	86,30,29	1,0,7	298	149
414	74,555,268,484,253	7,36,43,32,44	3580,2068,2950	290,301,299	231	149
415	44,73,239,76,118	0,3,18,4,14	369,543,701	14,23,7	298	149
416	50,303,156,195,24	14,60,33,33,8	61,25,10	0,0,4	220	149
417	21,22,0,8,54	3,0,0,0,51	37,3,11	18,24,15	298	149
418	21,16,23,9,51	24,1,5,9,98	29,20,10	2,1,2	298	149
419	38,11,8,7,184	13,6,11,1,56	64,55,45	36,15,29	298	149
420	17,7,6,5,103	4,0,0,0,17	16,36,11	0,10,0	298	149
421	72,38,73,91,826	2,2,0,0,185	48,34,26	62,69,66	285	149
422	72,734,645,589,516	6,116,156,165,66	392,461,440	156,147,92	298	149
423	10,197,90,124,4	0,6,16,17,0	121,67,101	0,16,7	226	149
424	20,495,233,370,12	2,112,187,155,4	89,81,157	127,238,129	241	149
425	20,480,231,370,12	4,123,109,191,5	62,74,154	19,22,35	224	149
426	6,40,13,11,4	0,0,0,0,0	430,58,238	33,2,10	214	149
427	24,56,26,0,99	0,0,9,0,2	58,136,233	6,29,32	290	149
428	0,3,4,4,5	0,4,4,2,0	35,44,61	58,37,164	298	149
429	0,8,9,4,0	0,0,2,4,0	2,0,10	0,0,0	298	149
430	0,10,8,5,0	0,0,2,0,0	8,0,6	4,0,0	298	149
431	0,6,6,2,0	0,0,0,2,0	2,0,2	0,0,0	298	149
432	2,27,7,2,4	0,0,0,0,0	156,91,146	1227,94,401	292	149
433	71,687,610,574,599	18,56,115,26,92	1026,586,541	131,63,91	212	149
434	83,633,70,189,55	4,92,33,24,5	457,86,341	17,1,5	239	149
435	14,28,5,35,43	0,0,0,1,7	135,46,43	16,5,15	287	149
436	0,0,5,0,13	0,0,16,7,6	27,61,28	10,41,18	298	149
437	5,15,32,26,43	0,6,3,0,4	77,265,192	8,50,29	284	149
438	6,13,11,0,12	2,0,0,0,6	9,128,123	0,23,15	298	149
439	0,5,0,2,0	0,1,0,0,0	37,11,16	0,0,2	242	149
440	0,14,20,0,5	2,0,0,0,4	57,29,49	2,1,4	240	149
441	0,30,0,10,4	36,295,4,81,9	25,2,56	808,36,292	236	149
442	76,182,50,199,31	0,12,0,0,0	79,32,42	14,5,22	227	149
443	49,268,167,238,147	10,31,6,50,23	204,147,307	3,4,4	257	149
444	0,80,31,50,22	0,18,19,5,12	48,35,106	40,17,122	257	149
445	0,80,33,50,22	1,31,18,42,14	52,41,133	34,46,164	280	149
447	74,480,166,272,77	1,26,5,3,8	703,294,792	111,32,77	298	149
448	55,524,401,308,361	0,62,37,29,33	528,332,677	45,40,117	272	149
449	22,268,202,490,594	0,2,0,3,16	1328,1780,688	0,0,0	298	149
450	15,167,120,217,305	2,25,40,49,27	689,1031,604	151,265,13	257	149
451	24,155,235,445,409	0,0,4,0,4	1273,1710,661	22,68,23	298	149
453	0,0,11,2,4	0,0,4,0,0	118,278,315	17,21,27	298	149
454	0,4,7,0,0	0,0,0,0,0	121,141,232	47,56,89	247	149
455	0,0,1,0,0	0,2,0,0,0	212,261,270	83,68,154	219	149
456	114,826,663,910,861	1,72,50,96,68	284,142,336	101,45,62	230	149
457	133,866,624,824,440	4,127,135,84,81	629,380,738	20,17,16	224	149
458	0,0,0,0,0	0,1,0,0,0	11,8,10	11,3,14	228	149
459	8,122,217,135,273	18,60,84,63,94	94,52,65	75,55,124	236	149
460	16,216,59,121,5	0,39,66,15,7	435,108,249	145,73,148	260	149
461	0,2,8,0,2	0,0,30,6,4	72,24,19	88,310,164	213	149
462	0,1,0,0,1	0,0,0,4,0	4,0,0	20,2,0	227	149
463	128,467,783,1401,168	6,0,30,32,0	116,206,307	0,0,2	254	149
464	29,122,128,303,35	0,0,0,14,0	18,18,63	0,0,0	215	149
465	27,121,49,63,45	4,5,8,2,0	291,156,182	65,160,76	240	149
466	0,6,0,4,0	0,0,0,0,0	0,0,4	0,0,2	298	149
467	25,279,190,175,150	2,29,19,14,0	746,387,648	4,37,23	259	149
468	17,390,100,197,111	0,28,0,0,0	521,206,632	0,0,0	298	149
469	13,45,76,160,80	0,4,4,2,0	112,39,48	0,0,0	298	149
470	2,29,37,43,26	0,3,0,0,0	45,45,33	0,1,0	298	149
471	2,25,6,4,9	0,23,43,21,13	35,11,14	107,47,123	244	149
472	0,3,33,20,2	0,0,0,0,9	10,7,8	2,18,7	292	149
473	0,12,9,13,0	0,0,0,0,0	18,13,0	10,28,7	298	149
474	0,12,14,16,0	0,0,2,2,0	66,16,0	87,57,25	298	149
475	0,0,10,22,0	0,0,0,0,0	56,6,6	0,2,2	240	149
476	9,159,45,65,32	29,135,84,70,55	127,91,181	247,248,354	290	149
477	0,0,2,10,8	2,29,54,50,57	2,5,9	14,23,29	218	149
478	4,24,39,12,85	4,1,13,10,31	11,344,348	4,26,56	298	149
479	12,10,15,12,19	0,0,4,0,0	2,15,32	0,21,2	215	149
480	18,325,339,214,253	7,22,19,12,29	39,155,104	6,27,13	236	149
481	16,135,126,238,27	0,0,3,4,0	137,406,598	7,9,50	241	149
482	0,106,46,105,15	0,19,3,14,0	120,102,222	45,84,197	298	149
483	172,3250,1368,2929,669	16,155,99,236,66	452,196,602	86,110,148	234	149
484	63,407,163,223,380	1,95,0,85,60	35,27,48	14,18,11	223	149
485	211,1486,1832,2158,1750	122,1041,240,2124,1335	329,100,297	43,25,18	217	149
486	371,2027,1505,1751,1718	8,62,71,73,80	1850,1774,2166	78,79,115	233	149
487	37,69,107,50,83	16,38,96,70,70	253,185,145	129,113,81	209	149
488	19,22,58,42,20	18,15,21,2,22	70,187,149	12,7,7	298	149
490	0,0,0,0,0	0,0,9,0,0	203,198,425	58,32,86	235	149
491	6,9,21,2,6	0,0,12,0,0	83,196,163	0,0,4	218	149
492	1134,7051,11079,5655,5912	461,2931,6294,3268,3218	51,49,90	102,142,175	298	149
493	12,118,59,93,46	0,1,9,0,0	61,48,62	7,0,0	261	149
494	0,28,64,24,8	0,3,6,2,0	0,0,2	0,0,0	233	149
495	0,2,0,0,0	0,0,0,0,0	94,0,36	4,0,0	255	149
496	7,43,18,84,52	0,0,0,1,0	88,33,78	2,0,0	298	149
497	8,41,77,59,154	16,42,30,58,67	64,34,78	21,19,38	298	149
498	0,0,8,0,0	0,0,0,0,0	0,0,0	0,0,2	262	149
499	8,101,211,179,93	0,24,39,30,7	511,701,626	17,109,119	220	149
500	29,235,369,378,303	6,22,31,6,26	123,132,67	10,15,14	275	149
501	4,60,20,20,10	0,9,4,0,2	27,2,16	10,0,4	246	149
502	6,71,76,68,56	0,4,8,4,3	69,30,54	2,0,5	298	149
503	4,3,2,0,0	4,0,0,0,0	25,15,35	56,0,9	219	149
504	29,289,117,167,66	66,345,455,533,442	214,175,244	958,952,848	221	149
505	18,135,35,92,39	2,0,8,0,1	733,163,758	1,4,28	228	149
506	18,135,53,98,39	0,5,0,4,4	813,169,815	46,42,73	232	149
507	7,3,4,4,2	34,131,271,75,151	17,10,13	580,431,336	221	149
508	0,4,0,0,1	0,0,0,0,0	26,6,48	137,18,113	253	149
509	30,294,268,261,293	0,2,2,0,0	230,162,239	2,2,5	298	149
510	28,141,109,162,97	6,114,87,135,75	154,135,162	50,27,60	250	149
511	0,0,10,0,1	0,5,2,0,1	61,75,115	198,83,195	259	149
512	0,0,8,0,0	0,0,0,0,0	75,34,66	4,1,10	287	149
513	0,6,45,8,0	2,4,4,0,0	194,214,312	30,73,149	222	149
514	12,32,34,25,18	0,0,0,0,0	152,9,50	0,0,1	298	149
515	5,22,20,24,13	0,2,0,0,0	61,9,43	0,0,0	224	149
516	31,160,176,117,148	0,0,0,2,0	340,68,131	0,3,0	298	149
517	38,335,302,281,252	0,0,6,0,0	528,248,357	0,0,0	298	149
518	36,253,300,228,212	0,2,2,14,0	422,150,248	1,0,0	298	149
519	32,195,163,240,150	18,58,96,88,114	193,131,209	23,57,38	298	149
520	9,48,47,2,12	0,45,66,9,29	43,78,59	372,263,477	232	149
523	34,77,139,106,269	175,1256,2401,1187,2059	16,20,3	103,182,121	212	149
524	0,0,49,17,50	0,4,18,4,6	2,11,0	0,0,8	298	149
525	32,279,352,347,262	40,265,362,378,331	283,276,371	138,252,227	233	149
526	0,2,14,12,0	0,0,2,0,0	31,34,7	4,1,2	298	149
527	0,0,0,0,0	0,0,22,0,0	0,11,16	10,0,12	298	149
528	0,1,17,2,0	0,0,4,0,0	27,20,18	4,9,10	298	149
529	87,485,413,342,347	2,35,65,41,28	918,960,1425	58,138,130	298	149
530	0,2,0,0,0	0,0,0,0,0	0,0,6	0,4,6	253	149
531	0,15,22,14,10	0,0,3,0,3	23,26,11	4,12,4	298	149
532	22,153,147,87,49	14,112,305,153,124	307,300,346	513,257,341	221	149
534	0,45,6,2,0	0,0,0,4,0	2,6,7	0,0,0	239	149
536	28,6,30,5,4	2,14,168,86,25	0,0,0	0,5,10	298	149
537	0,18,3,1,1	2,15,31,14,6	11,7,19	70,21,23	226	149
538	0,2,25,1,12	0,0,18,2,2	117,125,320	33,129,209	258	149
539	0,1,2,1,0	0,4,1,2,1	8,16,53	56,2,25	298	149
540	10,148,215,135,162	21,93,126,118,59	98,197,211	93,143,116	236	149
541	21,73,41,39,33	0,0,0,0,0	688,720,1009	20,0,0	225	149
542	21,74,41,39,33	22,3,0,13,4	713,728,1019	178,18,22	248	149
543	21,74,40,39,33	2,4,0,8,0	708,725,1030	0,0,0	215	149
544	11,66,33,18,27	5,0,10,6,0	523,624,736	75,9,20	242	149
545	11,70,35,24,41	0,2,0,1,3	572,672,805	0,2,0	298	149
546	2,0,8,4,6	0,1,0,2,0	4,28,22	0,0,0	263	149
547	28,217,528,199,238	0,3,9,3,2	726,524,984	178,195,172	266	149
548	43,243,60,118,26	0,16,4,0,1	35,121,265	0,0,27	221	149
549	57,406,146,226,100	1,9,8,6,2	67,194,445	0,2,0	298	149
550	69,430,215,484,296	0,2,0,0,0	272,216,399	0,5,2	298	149
551	3,55,28,7,14	1,21,9,12,1	0,0,1	0,0,0	298	149
552	0,0,2,0,0	0,0,0,0,0	24,12,50	4,14,9	225	149
553	0,0,11,0,0	0,0,0,0,2	42,28,32	17,0,0	253	149
554	0,4,13,0,0	0,0,0,0,0	61,34,41	0,2,2	298	149
555	0,4,6,0,0	0,0,0,0,2	53,18,16	15,2,6	229	149
556	300,1115,2313,1206,1339	10,24,42,20,60	3288,3250,3027	522,461,586	272	149
557	3,18,3,17,14	45,406,305,289,224	16,10,10	290,386,340	221	149
558	0,89,53,33,61	0,15,14,14,13	34,54,37	4,20,26	257	149
559	6,20,38,40,44	0,0,16,0,5	59,28,42	2,4,0	223	149
560	208,1754,1703,1924,1599	7,49,59,45,53	1085,1415,1725	12,9,25	232	149
561	12,12,6,35,25	0,14,0,0,0	18,14,32	0,4,0	298	149
562	0,0,0,0,0	0,0,0,0,1	2,0,0	0,0,0	249	149
563	8,43,92,75,77	2,5,54,71,8	439,233,415	137,58,125	236	149
564	130,882,1738,1636,890	6,81,130,122,129	613,398,411	6,9,0	298	149
566	0,0,0,0,0	8,0,0,0,0	7,0,3	15,0,4	205	149
567	0,2,2,7,5	2,0,27,4,0	125,25,14	90,3,33	222	149
568	0,4,13,2,5	0,2,8,4,0	104,8,16	10,4,0	298	149
569	0,11,13,2,8	0,1,0,0,4	24,4,25	0,0,0	298	149
570	28,68,19,10,21	24,134,10,6,7	17,12,17	22,12,34	292	149
571	0,4,0,0,0	0,0,0,0,0	0,5,3	0,0,4	242	149
572	10,88,9,37,0	0,4,0,0,0	348,3,2	2,0,0	298	149
574	84,470,542,373,555	12,60,22,24,28	201,370,405	2,22,31	228	149
575	99,751,633,669,751	0,77,51,48,48	392,472,593	13,7,18	232	149
576	0,0,9,4,0	0,0,4,0,0	438,243,340	112,75,104	298	149
577	2,23,8,12,7	0,8,6,2,0	13,14,6	2,2,0	298	149
578	2,12,4,6,7	1,0,0,1,1	2,10,6	0,0,0	280	149
579	8,77,95,35,38	8,0,1,2,2	17,30,34	0,0,0	298	149
582	937,6349,8619,5990,8550	73,414,778,383,371	376,500,245	18,12,6	238	149
583	50,282,579,301,238	2,62,143,37,42	70,135,100	10,39,43	225	149
584	170,1098,424,778,356	10,131,95,81,47	262,186,339	2,4,4	214	149
585	3,22,3,9,27	0,2,1,2,0	4,29,46	0,44,37	298	149
586	0,22,9,2,27	0,10,9,4,12	4,19,22	6,7,15	254	149
587	1,131,30,34,100	0,0,32,38,6	10,10,27	20,64,90	269	149
588	1,124,30,34,87	0,8,0,0,4	10,9,23	0,0,26	262	149
590	61,287,104,166,87	10,37,51,25,26	525,156,356	50,63,73	218	149
592	78,110,128,161,107	18,93,36,56,55	93,71,164	115,137,201	274	149
593	2,0,0,6,0	0,0,6,0,0	0,0,0	2,2,0	265	149
594	101,317,262,164,79	16,57,83,118,46	1669,550,983	71,52,100	224	149
596	11,139,94,188,28	6,8,2,0,4	96,42,127	11,2,2	298	149
598	37,110,92,65,86	0,2,8,0,1	0,2,0	0,0,0	219	149
601	0,0,2,4,0	0,0,2,0,2	10,6,3	0,1,0	240	149
602	0,0,0,4,0	0,0,0,8,0	0,0,6	0,0,2	256	149
603	0,0,0,0,1	0,0,1,0,0	0,1,7	0,2,4	216	149
604	38,173,301,229,287	0,22,8,10,12	1166,1170,1176	73,60,71	237	149
606	0,4,8,0,4	0,0,0,0,0	38,9,18	2,0,0	298	149
607	0,16,46,10,13	0,0,4,0,2	18,12,29	0,0,0	298	149
608	38,349,76,149,90	33,228,12,57,26	173,149,189	170,62,173	298	149
609	2,10,3,3,2	0,0,2,2,0	4,12,37	0,0,0	236	149
610	89,364,230,290,126	2,105,52,138,108	582,239,562	58,30,63	227	149
611	38,692,179,326,157	13,210,126,78,38	1431,558,1365	418,277,567	239	149
612	2,22,8,6,6	0,0,0,4,0	26,25,15	0,11,0	258	149
613	2,101,73,87,66	0,5,24,5,9	102,121,169	13,6,20	245	149
614	2,107,73,87,68	0,1,1,6,5	108,121,170	1,8,12	248	149
615	2,0,0,0,0	2,0,2,0,0	142,102,273	46,24,155	233	149
616	14,0,33,19,6	28,16,37,82,49	3,17,8	0,11,3	266	149
617	24,5,79,59,21	57,85,418,547,291	4,23,8	33,23,51	280	149
618	47,113,283,587,259	4,2,63,116,70	8,22,35	2,69,12	298	149
619	41,298,30,301,23	0,34,1,22,0	595,50,325	174,18,134	274	149
620	12,113,8,60,15	0,16,16,14,5	21,1,18	0,0,2	245	149
621	4,80,70,58,71	0,1,3,2,0	16,0,0	0,0,0	231	149
622	8,9,19,43,20	49,512,670,484,691	645,509,370	2756,2074,2139	242	149
623	26,244,139,61,85	0,36,53,4,14	47,119,158	2,2,2	226	149
624	26,259,144,61,93	4,14,12,6,4	50,125,162	0,1,0	232	149
625	2,32,4,17,13	0,12,0,0,0	52,6,10	8,0,0	298	149
626	46,281,273,233,201	2,19,37,10,10	682,500,773	35,18,45	221	149
628	8,0,26,0,8	0,2,0,0,2	12,31,12	0,11,4	264	149
629	0,0,0,0,0	0,0,0,0,1	0,2,0	0,0,0	223	149
630	30,37,174,64,392	13,90,102,12,194	747,759,854	1159,1428,1056	214	149
631	2,17,24,37,6	0,13,16,26,11	173,51,121	23,16,17	298	149
632	4,124,92,105,71	0,0,6,0,0	2838,1941,3436	42,46,88	245	149
633	2,30,49,23,27	4,16,0,0,0	25,49,119	4,8,4	228	149
634	6,11,15,4,12	1,10,6,0,1	31,19,51	0,2,8	237	149
635	177,803,125,336,93	10,46,13,27,3	41,4,3	0,0,0	271	149
636	207,1048,631,553,88	11,94,171,99,38	23,15,6	0,3,0	298	149
637	326,1658,2075,1393,133	0,8,0,2,51	71,28,10	0,0,0	298	149
638	4,5,0,22,0	0,3,0,0,0	10,91,54	0,6,0	210	149
639	0,0,0,1,0	1,8,0,10,0	6,15,3	16,14,19	257	149
640	18,209,157,79,166	2,0,6,0,2	122,102,213	29,26,20	221	149
642	0,44,16,5,16	0,2,0,0,0	57,49,22	11,0,2	298	149
643	0,0,1,0,8	0,0,0,0,0	0,8,0	0,3,0	246	149
644	7,11,1,2,13	0,11,15,6,9	0,2,6	0,0,0	263	149
645	57,430,381,458,411	124,1276,944,1375,817	664,576,885	819,688,1534	276	149
646	30,199,154,163,111	2,11,4,14,6	85,72,186	0,0,0	298	149
647	28,168,149,155,95	0,36,22,42,12	74,68,172	12,3,9	298	149
648	0,6,8,0,0	0,6,4,14,17	0,8,0	0,0,0	232	149
649	12,4,13,3,0	0,26,6,6,0	2,2,0	0,4,0	261	149
650	2,33,70,22,32	2,26,8,10,6	0,19,4	0,0,5	298	149
652	989,5377,5973,4384,4436	71,212,284,212,164	39611,32843,34571	982,874,722	298	149
653	287,1822,1431,2233,1968	75,840,504,897,961	1379,743,935	112,65,35	298	149
654	216,1360,1031,2018,1504	16,82,150,85,109	805,480,807	77,52,10	222	149
655	4,40,39,25,35	12,10,37,39,15	4,6,4	0,0,0	298	149
656	27,146,37,47,39	8,54,8,45,10	624,210,333	193,63,184	298	149
657	226,2239,1473,2574,926	47,465,183,436,137	5822,7875,4541	361,393,289	218	149
658	235,2291,1489,2617,943	39,272,110,235,86	5936,8017,4610	188,227,171	221	149
659	45,248,491,217,291	0,0,2,0,0	59,23,45	40,4,0	252	149
660	24,170,354,137,141	11,28,53,15,4	56,14,19	4,9,21	201	149
661	0,4,6,0,1	0,0,1,0,0	26,13,11	1,0,0	238	149
662	4,43,19,30,2	0,0,2,2,0	162,180,225	4,21,45	219	149
663	207,1159,922,833,790	0,39,45,37,54	1598,1206,1482	98,143,153	275	149
664	0,1,1,2,12	0,0,2,0,4	31,8,2	88,47,26	298	149
666	0,4,2,0,0	0,0,0,0,0	53,16,33	14,10,32	272	149
667	0,0,0,0,0	0,0,5,0,3	12,11,7	0,0,0	216	149
669	0,0,2,0,0	0,0,0,0,0	237,97,234	224,101,199	263	149
670	0,0,8,4,16	2,0,20,10,15	0,0,0	0,7,0	298	149
671	0,1,12,30,81	0,0,2,2,4	8,8,0	0,2,0	298	149
672	10,50,36,20,37	269,2422,755,1477,732	140,129,140	4999,1837,4724	233	149
673	28,41,37,36,138	3,7,26,4,15	19,49,58	0,2,14	224	149
674	31,36,55,33,157	12,0,2,0,0	20,76,70	0,0,9	298	149
675	18,9,38,18,116	0,0,7,0,0	6,65,57	0,0,0	224	149
676	16,70,68,42,42	0,0,0,0,0	106,97,120	4,2,4	298	149
677	0,8,8,9,36	0,0,1,0,0	0,0,10	0,0,0	298	149
678	0,0,12,6,2	0,0,0,2,4	27,22,17	12,6,0	298	149
679	8,0,18,8,12	1,4,9,0,8	40,41,37	10,6,6	298	149
680	1,0,1,0,0	0,0,0,0,6	14,31,6	0,12,2	298	149
682	46,132,19,19,17	0,0,0,0,6	2582,131,259	323,18,43	298	149
683	120,791,240,807,366	739,6678,2402,7519,3463	452,92,136	5,2,4	237	149
684	76,317,468,261,513	17,82,174,78,152	222,127,208	31,31,27	227	149
685	83,371,520,283,540	7,36,68,6,50	246,137,229	19,14,18	230	149
686	84,348,689,438,618	12,43,151,40,100	182,92,253	48,59,88	221	149
687	9,35,35,28,47	0,0,5,0,0	142,251,227	6,48,43	255	149
688	0,2,0,0,0	0,0,0,4,0	0,8,0	0,3,5	221	149
694	36,347,240,265,176	0,0,10,2,6	136,170,298	8,4,8	219	149
696	0,26,42,16,0	0,0,12,2,0	5,33,13	2,16,24	210	149
697	0,0,10,6,2	0,0,2,0,0	2,7,30	0,1,22	238	149
698	52,203,81,198,66	1,22,6,21,4	329,84,261	0,0,0	231	149
699	159,1969,2244,1771,1542	5,42,56,34,52	1999,1150,1964	23,22,46	290	149
700	0,13,18,19,18	0,2,0,4,4	0,0,2	0,0,2	298	149
701	6,5,22,32,39	0,6,10,20,17	57,429,35	0,4,14	298	149
702	8,0,6,2,30	0,0,0,0,2	6,4,4	0,0,0	298	149
703	110,626,854,508,536	8,28,95,47,29	70,197,63	40,11,52	278	149
704	6,50,25,61,13	0,14,21,4,7	167,129,252	0,2,3	298	149
705	6,43,25,51,7	0,4,0,2,0	159,81,189	0,0,2	225	149
706	141,526,385,343,388	20,66,50,53,78	1608,1167,1250	39,114,87	298	149
707	364,1608,1242,1374,1039	0,0,0,0,0	4800,3324,4010	0,6,0	298	149
708	217,886,945,944,766	17,153,130,120,94	2306,2212,2399	318,408,566	298	149
710	0,7,2,0,0	2,10,0,4,6	130,2,29	60,5,10	254	149
711	0,7,2,0,0	0,9,0,4,0	130,3,29	46,2,2	257	149
712	34,181,101,99,72	4,42,17,6,5	239,139,281	159,43,51	278	149
713	4,153,106,65,20	10,0,10,12,6	297,206,377	100,117,178	245	149
714	4,151,98,61,18	0,5,4,4,4	280,206,369	84,95,100	242	149
715	66,623,369,489,294	10,133,94,86,84	24,90,66	187,126,350	233	149
716	34,167,126,46,117	0,2,1,4,1	4,3,2	0,0,0	237	149
717	0,1,2,0,0	2,7,2,4,8	9,24,34	23,8,19	218	149
718	36,255,314,264,259	1,17,52,45,34	485,412,799	84,65,96	209	149
720	0,0,4,14,25	0,0,27,12,8	97,130,116	47,133,84	221	149
722	4,17,30,19,12	0,0,4,0,0	145,89,151	29,14,24	218	149
723	28,119,53,42,170	0,0,2,4,8	218,228,552	10,10,10	298	149
724	0,0,0,0,0	23,85,79,67,38	2,14,2	279,348,555	224	149
725	34,324,221,145,82	0,43,5,2,23	224,149,168	9,12,18	256	149
726	6,27,12,12,16	4,26,67,29,16	132,82,79	11,4,15	223	149
727	8,13,21,14,49	4,6,9,0,16	12,4,19	13,13,18	225	149
728	12,3,54,41,188	2,12,0,12,19	14,9,10	0,0,0	238	149
729	20,3,54,53,169	8,12,0,8,26	16,5,10	2,4,17	298	149
730	0,0,11,8,168	0,0,0,0,32	0,0,20	0,0,0	298	149
731	132,872,635,941,681	115,1062,794,966,1002	418,328,569	394,384,524	226	149
732	107,165,91,264,47	101,269,167,225,274	374,136,521	647,697,910	246	149
733	23,161,63,45,44	34,106,19,61,17	1083,214,410	237,73,249	255	149
734	0,12,20,18,31	0,0,0,0,0	35,74,86	0,8,2	291	149
736	7,11,21,13,29	17,216,262,356,613	155,30,17	97,80,142	298	149
737	0,18,22,5,36	0,0,0,0,8	199,33,1	90,9,116	298	149
738	0,14,34,22,145	4,192,274,275,0	275,115,25	0,0,32	298	149
739	83,670,1002,981,120	0,0,5,9,868	369,113,25	0,18,87	298	149
740	4,20,16,3,5	15,133,37,30,17	105,28,125	175,52,132	212	149
742	7,19,101,26,20	0,23,15,1,35	242,119,317	47,26,64	298	149
743	17,100,56,57,95	49,397,430,481,584	186,152,184	9,11,45	298	149
744	31,290,249,134,97	26,21,106,26,33	26,127,113	8,63,89	298	149
745	4,45,65,24,36	0,11,18,6,5	336,1511,436	14,177,74	298	149
746	15,74,164,87,74	0,2,14,1,2	2,2,0	0,0,0	215	149
747	8,62,39,15,11	0,0,3,2,0	74,84,130	11,3,19	298	149
748	79,448,306,347,316	22,186,95,93,93	610,314,673	242,201,100	226	149
749	81,450,306,347,318	48,1274,451,562,334	628,314,673	1026,524,479	231	149
750	5,31,138,115,95	14,258,245,256,259	22,8,36	66,70,59	247	149
751	0,15,22,11,10	0,0,0,0,0	2,25,18	4,0,0	296	149
752	0,2,3,0,2	0,0,0,0,0	0,0,1	0,0,2	227	149
753	184,851,667,851,662	58,400,361,411,360	1079,1108,1315	389,280,429	206	149
754	27,106,49,48,29	0,4,3,11,10	41,3,20	8,5,0	217	149
756	42,247,13,32,7	0,2,0,7,0	896,54,324	49,2,30	298	149
757	0,4,0,0,0	2,1,6,0,0	0,11,16	10,64,22	224	149
758	0,2,0,3,6	0,2,8,0,2	19,10,0	16,32,26	268	149
759	0,1,4,2,0	8,90,12,31,1	30,1,5	578,23,118	206	149
760	6,18,69,35,10	1,0,0,0,0	32,36,54	0,0,3	298	149
761	4,16,2,2,0	0,38,0,6,0	23,0,15	97,20,103	229	149
764	13,99,153,149,124	33,187,234,179,128	582,795,662	116,293,276	223	149
765	189,725,615,732,691	51,409,354,363,307	178,351,284	506,574,817	251	149
766	35,232,116,140,87	4,79,71,40,38	143,67,146	6,14,33	265	149
767	0,0,5,8,1	0,0,0,0,0	77,13,69	117,34,52	239	149
768	5,71,42,48,24	0,6,4,0,0	60,106,66	598,512,780	214	149
769	0,22,17,6,36	0,0,0,0,0	93,616,147	105,302,155	288	149
770	10,16,50,4,56	0,1,4,0,0	194,345,310	8,25,19	234	149
771	16,28,37,1,22	0,0,0,0,0	143,162,116	0,2,0	278	149
772	0,0,2,2,0	0,2,0,2,0	21,6,0	0,0,4	234	149
773	45,173,125,187,100	0,24,143,42,25	60,76,202	214,158,397	227	149
774	49,656,197,326,155	0,3,0,0,8	3167,2281,4234	138,51,194	242	149
775	55,652,207,319,155	0,34,2,0,2	3118,2280,4155	57,59,159	221	149
776	8,19,27,29,32	0,4,0,1,0	0,0,2	0,0,0	298	149
778	12,160,79,95,37	0,0,0,10,0	397,196,478	12,11,12	216	149
779	22,287,545,325,884	1,11,44,3,22	285,279,326	43,30,19	221	149
780	231,1417,785,1496,689	2,21,15,35,38	1119,291,210	90,4,2	298	149
782	162,612,633,833,590	38,152,219,213,82	3576,2929,3168	1303,1358,1237	216	149
783	229,907,778,826,616	92,333,306,382,362	5520,3745,4761	205,244,215	298	149
784	43,521,380,363,246	10,77,49,35,25	2255,1076,1785	196,125,151	227	149
785	81,626,532,441,306	0,52,49,19,19	1624,900,1727	190,121,242	275	149
786	183,910,118,229,114	4,58,27,40,17	1738,304,854	439,217,489	298	149
787	3,0,2,17,4	0,0,0,10,0	8,3,3	6,0,0	298	149
788	52,171,196,207,251	57,203,408,318,311	299,282,367	42,122,85	275	149
789	23,130,125,213,90	17,164,136,162,92	92,90,147	59,87,159	244	149
790	18,23,88,48,94	0,0,0,0,4	36,21,1	0,0,0	206	149
791	166,1050,1102,906,1073	0,5,19,17,6	876,821,1004	34,24,28	258	149
792	157,1007,1039,883,1029	10,29,90,65,59	872,820,981	60,38,81	255	149
795	2,2,0,2,0	0,0,0,2,0	4,18,19	0,0,0	221	149
796	0,18,14,0,0	4,0,2,4,0	233,8,137	37,13,26	298	149
797	1,0,0,0,19	0,0,8,0,0	78,37,130	23,26,50	221	149
798	0,4,15,8,20	0,0,0,0,0	26,6,27	6,4,5	239	149
799	16,69,20,48,19	4,14,5,22,0	27,13,35	33,2,16	226	149
800	16,69,20,48,19	0,6,0,6,2	27,13,35	2,0,0	200	149
801	114,464,527,653,606	0,14,38,10,40	1691,920,1429	39,46,64	230	149
802	188,2865,2777,1971,1888	14,175,169,168,136	2099,2574,3885	167,122,190	281	149
803	3,89,120,83,59	115,886,1177,764,938	19,29,57	390,362,505	257	149
804	19,61,130,204,111	0,50,15,22,13	360,763,575	90,134,173	210	149
805	3,78,0,28,8	4,37,6,32,6	2,0,0	10,29,28	298	149
806	2,18,66,32,64	4,16,33,33,77	99,311,395	0,2,16	211	149
808	19,210,42,58,20	0,2,0,2,2	2,2,40	0,0,2	227	149
809	32,45,10,2,6	4,12,0,0,0	168,13,32	0,0,0	298	149
810	100,511,199,336,146	25,180,57,129,41	668,437,913	265,263,553	227	149
811	9,189,51,84,36	0,8,0,2,2	573,79,444	18,3,54	212	149
812	35,143,280,199,246	0,19,91,57,44	8,9,11	0,0,0	269	149
813	33,131,270,196,231	2,35,56,40,68	12,9,8	6,0,0	227	149
814	33,127,261,192,215	12,104,255,111,151	12,9,8	0,0,0	218	149
817	83,508,451,305,265	0,10,2,5,2	98,76,152	0,0,2	298	149
818	165,2428,1465,1700,1067	20,201,169,124,112	3679,2476,3903	369,328,522	208	149
819	18,38,71,39,4	0,2,9,0,0	74,48,75	0,0,14	241	149
820	2,45,66,27,43	0,4,0,0,0	154,252,227	9,14,11	227	149
822	2,24,5,16,4	4,17,31,11,9	91,14,46	67,76,72	230	149
823	26,175,203,160,152	6,121,107,99,100	123,262,248	42,27,31	298	149
824	397,613,415,93,280	0,0,0,0,2	7,25,90	6,0,0	215	149
825	200,417,290,43,166	0,6,15,6,4	10,29,34	0,0,0	298	149
826	0,8,24,6,0	0,0,0,0,0	12,1,16	1,7,8	275	149
829	0,2,4,0,4	0,0,0,0,0	8,36,7	2,2,2	278	149
832	10,217,271,198,259	4,4,13,4,15	5,41,33	1,0,0	215	149
833	9,75,56,40,75	0,7,35,11,6	27,13,7	5,4,5	215	149
834	0,0,0,0,0	0,0,2,0,0	19,20,0	9,6,2	236	149
835	0,3,0,0,9	0,9,0,6,1	0,0,0	3,6,4	298	149
836	3,7,2,4,4	0,1,0,1,0	28,10,18	0,0,4	237	149
837	0,14,82,34,52	0,0,7,0,7	0,15,10	0,0,4	269	149
839	11,23,17,12,1	0,4,18,13,3	170,109,322	90,35,142	212	149
840	24,295,69,180,110	11,136,152,103,70	502,284,570	14,32,14	212	149
841	9,18,6,15,19	0,0,5,2,1	213,26,52	34,0,0	226	149
842	0,4,0,6,1	0,4,0,0,0	5,4,9	0,0,0	222	149
843	27,40,355,25,109	0,2,10,22,10	210,148,72	8,59,24	298	149
844	0,18,45,2,16	4,7,34,11,18	15,54,19	28,13,2	298	149
845	2,15,62,38,71	0,0,3,0,0	116,91,37	1,4,8	258	149
846	1,10,31,32,46	0,2,0,2,2	85,63,30	7,0,0	222	149
847	8,44,97,45,84	4,14,78,11,38	208,129,47	48,62,24	298	149
848	7,39,68,40,69	0,0,0,0,0	180,101,40	4,0,0	298	149
849	55,460,305,382,303	29,282,345,18,35	775,691,585	387,319,611	298	149
850	47,299,285,292,259	0,0,0,0,0	783,634,623	0,2,1	298	149
851	10,69,99,109,124	2,65,55,2,0	438,410,501	31,12,26	263	149
852	4,82,32,21,21	7,54,15,22,7	85,52,83	157,32,179	298	149
854	0,40,49,51,23	0,0,2,0,4	48,60,63	0,12,2	246	149
855	0,40,49,43,23	0,4,0,0,0	40,43,37	0,0,0	226	149
856	2,40,49,51,23	0,0,5,0,6	48,62,63	1,11,31	250	149
857	2,40,49,43,23	0,0,6,0,0	40,45,37	0,14,2	230	149
858	2,45,53,48,25	0,0,0,0,0	49,75,65	13,5,1	274	149
859	2,45,53,42,25	0,0,0,0,0	43,58,39	2,0,0	254	149
860	9,84,36,35,34	2,13,1,1,2	91,35,97	1,7,1	212	149
861	7,147,36,50,54	22,62,12,8,9	38,29,96	121,59,154	298	149
862	25,389,58,148,52	6,69,3,9,4	45,35,108	211,84,396	298	149
863	4,113,17,79,3	9,288,97,110,41	46,18,61	45,28,45	212	149
864	6,51,69,44,27	0,5,30,4,0	11,35,14	0,0,0	235	149
865	17,70,108,70,28	0,6,23,0,0	10,76,40	0,0,0	298	149
866	47,427,199,344,223	10,48,12,50,25	1086,487,1186	35,27,21	245	149
868	43,173,183,237,91	14,131,105,89,44	339,351,460	464,405,372	206	149
869	35,452,170,338,125	0,71,27,44,46	372,161,460	25,13,28	233	149
870	0,12,2,4,0	7,6,9,4,4	4,14,6	8,22,21	237	149
871	1,51,101,28,87	0,0,9,0,0	1770,1248,1628	214,42,153	221	149
872	4,24,70,11,18	0,3,8,0,6	110,240,92	17,38,37	278	149
873	4,41,49,55,54	14,64,135,84,67	0,7,8	0,0,0	210	149
874	0,6,7,63,0	0,0,0,0,0	45,10,40	6,0,6	218	149
875	24,197,18,37,48	0,4,13,8,12	245,78,314	80,43,89	298	149
876	0,43,16,51,25	2,83,85,63,72	21,20,48	140,223,285	209	149
877	0,27,33,42,28	32,98,14,12,11	74,34,33	1816,56,159	233	149
878	6,301,441,222,158	19,254,441,237,136	583,325,635	397,285,464	227	149
879	117,1193,1059,768,742	1,164,176,126,81	1648,1770,2585	143,204,359	233	149
880	31,674,554,303,305	7,40,31,16,21	676,801,1395	24,52,100	230	149
881	63,379,195,321,139	4,15,22,14,5	84,121,222	9,11,6	227	149
882	47,371,78,72,58	2,9,0,0,0	547,104,195	0,10,0	245	149
883	27,204,210,307,28	0,32,14,0,0	11,27,44	0,0,0	298	149
884	24,151,237,233,22	0,5,0,0,0	14,20,43	0,2,2	298	149
885	21,113,154,114,20	0,4,1,0,0	19,15,39	0,5,8	298	149
886	6,35,47,25,45	0,8,0,5,0	0,4,2	0,0,2	295	149
887	2,0,0,21,3	0,0,0,0,0	24,9,4	6,0,0	219	149
888	0,6,0,8,0	6,0,6,12,0	17,4,1	5,0,2	222	149
889	26,0,14,105,12	0,0,0,16,0	162,83,77	0,0,0	298	149
890	9,2,12,16,20	0,0,0,6,0	2,4,2	0,0,0	236	149
892	0,1,0,3,0	0,0,0,0,0	13,4,8	0,1,0	248	149
896	11,63,194,80,103	0,0,6,4,12	36,3,7	0,0,0	298	149
897	0,8,11,0,10	4,0,4,0,4	5,7,9	9,0,6	253	149
899	7,8,19,9,1	0,0,0,0,10	20,12,68	0,2,0	264	149
900	66,76,19,98,25	0,0,0,0,0	1327,141,332	0,0,8	298	149
901	14,263,230,329,137	0,9,12,7,25	689,601,297	37,83,14	230	149
903	21,208,101,86,38	0,20,6,1,0	253,78,211	20,1,8	259	149
904	106,945,660,568,416	64,823,609,802,574	292,215,180	257,125,181	298	149
905	0,1,4,2,4	0,0,2,6,0	4,6,9	18,6,5	232	149
906	50,145,377,238,167	1,8,49,21,2	487,396,593	58,26,125	212	149
907	64,643,660,573,826	8,43,81,48,67	1465,2324,1466	126,253,132	224	149
908	0,14,5,18,16	0,0,4,2,14	45,148,164	61,83,83	233	149
909	0,0,0,2,1	0,0,0,0,0	15,2,10	14,0,2	221	149
910	0,3,17,34,16	0,0,8,0,0	24,32,31	4,8,4	232	149
911	161,2027,2441,1763,1907	4,150,95,53,65	856,458,605	90,17,98	298	149
912	114,1373,1704,1387,1337	2,199,157,126,205	641,331,495	14,36,27	298	149
913	70,558,750,784,1324	41,839,818,390,378	646,304,446	218,131,74	298	149
914	0,0,2,0,0	0,0,1,0,0	36,19,27	0,2,0	298	149
915	0,0,0,0,0	0,2,4,0,12	36,18,27	0,4,5	298	149
916	701,3689,1726,4513,1559	17,155,193,141,65	5,3,1	2,0,2	298	149
917	669,3564,1654,4399,1549	51,392,470,696,313	5,4,1	12,20,2	298	149
918	462,1952,939,2067,1035	278,1895,1279,1806,1010	6,8,12	6,7,4	214	149
919	0,0,4,0,4	0,0,55,9,10	7,0,0	0,8,5	298	149
920	63,1078,518,372,298	16,145,67,34,28	519,463,836	66,30,98	298	149
921	16,23,12,18,52	0,0,0,0,20	1118,416,1069	563,335,638	243	149
922	8,17,12,25,65	0,0,0,0,0	851,448,921	0,0,4	298	149
923	8,8,4,11,57	0,4,3,0,2	1310,513,1130	102,41,106	212	149
926	0,8,20,6,10	0,6,2,0,0	6,1,7	0,0,0	298	149
927	1,0,12,0,0	0,0,0,0,0	10,57,46	1,7,0	298	149
928	57,111,7,11,56	2,10,0,0,8	13,129,238	20,20,19	298	149
929	6,2,4,2,0	0,16,2,1,0	6,2,2	6,0,16	224	149
930	7,14,15,48,26	0,0,2,10,16	2,14,20	0,0,0	298	149
931	4,46,12,40,6	4,2,0,0,0	4,13,16	0,0,0	217	149
932	4,11,0,12,2	0,0,0,0,0	2,6,6	2,0,0	236	149
933	16,74,8,8,19	57,75,21,29,39	53,26,51	49,34,152	247	149
934	147,217,137,214,183	18,22,8,4,30	192,209,207	36,12,23	298	149
935	85,217,96,190,134	15,30,17,3,10	202,196,297	6,23,38	228	149
936	23,55,30,32,61	6,29,14,14,31	42,64,123	39,74,134	273	149
937	0,0,0,0,0	7,2,0,9,0	0,0,5	19,0,6	228	149
938	164,687,884,805,1224	12,46,63,11,70	205,228,219	47,112,90	258	149
940	172,1629,339,819,231	11,128,12,31,21	1094,380,1344	93,31,84	179	149
941	165,1156,1061,986,920	11,136,161,88,68	1728,1950,2824	108,75,162	245	149
942	25,257,94,165,153	15,50,22,64,37	266,152,305	31,24,70	238	149
943	12,49,20,16,45	6,11,8,19,25	43,56,63	20,27,48	249	149
944	16,116,80,123,131	0,2,0,0,0	107,137,107	0,0,0	298	149
945	59,326,232,348,397	0,5,8,2,7	115,86,125	0,0,0	298	149
946	0,18,7,12,10	0,12,1,2,0	16,6,20	8,0,0	234	149
947	401,1814,2139,1713,1523	23,179,318,203,169	2835,1893,2236	147,97,89	233	149
948	6,107,46,32,31	0,0,2,0,0	16,19,27	0,0,0	290	149
949	5,107,46,32,31	0,3,4,0,1	16,19,26	2,1,2	287	149
950	24,88,41,46,50	0,4,4,2,6	46,31,42	0,0,0	298	149
951	14,179,148,123,137	0,13,8,4,3	639,640,674	489,547,431	298	149
952	0,2,7,0,0	0,0,0,2,0	6,19,23	0,0,42	256	149
954	12,257,79,122,132	0,4,14,0,2	13,28,0	1,0,0	298	149
955	0,16,216,73,183	0,0,0,0,0	42,61,95	0,0,10	202	149
956	7,119,64,106,45	4,12,2,0,0	154,88,114	0,0,0	212	149
957	6,31,26,22,11	0,2,12,20,9	1000,579,980	127,165,240	231	149
958	59,487,373,389,409	0,8,2,2,6	209,258,277	2,14,18	298	149
959	0,0,2,0,0	0,4,0,6,5	0,4,0	0,0,0	226	149
961	167,723,630,767,216	133,392,383,408,237	1,120,54	0,32,38	206	149
962	6,39,79,52,41	2,21,19,20,26	49,66,52	55,38,72	271	149
965	0,0,1,0,4	0,0,0,0,0	53,98,113	25,62,27	266	149
967	14,189,186,142,180	4,6,11,6,4	163,197,261	3,7,16	248	149
968	3,64,67,51,17	0,20,0,0,2	56,109,128	10,1,4	257	149
969	41,361,481,353,412	6,22,60,44,12	213,232,287	99,62,53	209	149
971	29,63,28,41,5	6,31,21,11,6	2,1,1	0,0,0	246	149
972	68,387,392,456,376	26,437,348,379,401	511,667,657	1130,1034,1465	248	149
973	0,0,0,2,2	26,130,109,91,66	1,0,7	145,108,212	230	149
974	0,12,43,12,6	0,0,0,0,0	1,25,44	2,0,14	298	149
975	0,5,0,0,9	6,2,2,0,0	0,3,2	0,0,2	243	149
976	0,0,1,0,0	0,0,6,2,0	0,1,2	2,11,12	221	149
977	0,0,1,0,0	0,0,12,0,0	0,1,2	0,0,0	217	149
978	2,0,8,0,8	0,0,2,10,0	0,0,1	0,0,0	255	149
979	4,6,0,0,2	24,125,49,53,11	33,21,34	961,149,492	221	149
980	79,488,347,882,529	0,5,6,0,4	45,50,72	6,14,18	249	149
981	78,488,347,880,518	1,6,40,70,29	45,49,72	4,20,0	207	149
982	79,719,98,243,76	0,30,1,0,8	330,50,278	10,4,0	224	149
983	79,719,106,243,76	0,31,3,7,4	332,51,283	6,0,0	233	149
984	7,110,74,41,64	4,5,10,0,12	123,53,51	88,71,59	224	149
985	4,25,8,8,0	0,64,148,28,0	279,140,174	135,172,157	298	149
986	8,136,431,95,7	0,17,19,9,1	322,363,377	27,76,38	298	149
987	7,99,113,78,1	0,103,86,62,0	578,365,375	211,247,217	298	149
988	7,72,103,42,1	0,8,25,0,11	458,274,306	10,36,30	298	149
989	121,453,128,225,108	30,505,183,203,64	182,88,158	224,149,384	267	149
990	147,642,232,403,187	38,177,73,93,72	251,161,304	13,11,68	298	149
991	16,65,33,29,8	0,0,0,7,0	196,45,44	342,6,42	255	149
992	0,0,4,2,0	0,0,0,0,4	0,32,6	0,14,0	212	149
993	0,3,4,2,0	0,4,0,0,0	5,48,17	0,22,16	298	149
994	2,8,49,12,10	0,1,6,6,0	15,30,36	16,20,14	215	149
995	83,778,211,355,163	0,46,11,23,10	269,243,452	13,6,39	224	149
997	0,0,0,2,5	0,4,16,15,3	5,0,7	2,7,2	298	149
998	30,411,207,292,114	0,7,10,12,12	198,96,170	13,4,10	298	149
999	96,808,91,382,127	2,21,129,10,177	25,4,10	6,14,14	221	149
1000	179,1196,145,721,231	0,18,38,19,82	79,34,13	10,19,5	298	149
1001	103,943,84,488,167	0,0,1,0,0	23,6,10	0,0,0	257	149
1002	90,647,575,763,124	8,150,124,136,1313	54,58,18	3,0,53	185	149
1003	66,691,479,650,70	1,1,2,4,554	32,30,15	2,0,20	179	149
1004	100,961,259,837,246	0,22,0,29,75	24,19,13	2,0,0	221	149
1005	134,1310,446,1072,26	0,4,2,2,20	23,25,13	0,0,2	269	149
1006	159,1289,504,1160,77	0,2,60,0,4	53,51,14	0,24,10	298	149
1007	116,1153,262,920,246	2,12,33,5,51	24,19,13	1,2,0	251	149
1008	128,621,142,321,55	42,227,82,197,20	537,153,325	47,20,15	212	149
1009	263,1681,1657,1577,1788	24,88,94,70,74	1374,1363,1620	31,38,56	209	149
1012	2,0,0,0,2	2,4,0,0,0	2,0,0	4,0,4	298	149
1015	22,4,48,15,24	0,11,11,4,22	43,46,57	202,152,259	233	149
1017	0,16,10,10,1	0,0,2,10,0	0,0,0	0,0,2	298	149
1020	15,119,36,47,19	10,21,1,16,0	28,5,10	0,0,0	298	149
1021	160,1195,725,774,18	2,31,9,15,0	35,792,980	0,2,8	230	149
1022	24,45,265,127,113	8,39,80,8,40	175,64,55	96,26,20	212	149
1023	14,86,49,72,23	0,43,50,46,15	509,114,415	368,152,301	258	149
1025	0,0,10,1,14	0,5,13,5,90	100,50,45	137,170,122	262	149
1026	0,1,10,1,33	7,5,33,4,222	113,80,56	766,760,529	298	149
1027	2,1,0,0,29	2,4,2,0,76	38,71,47	102,146,102	298	149
1029	0,2,5,0,0	0,2,0,0,0	4,0,8	0,0,0	298	149
1032	298,2765,2444,3984,1914	23,129,214,115,98	6174,4283,5990	763,469,696	245	149
1034	2,47,37,14,2	2,21,10,0,0	0,2,8	0,0,0	218	149
1035	94,175,10,151,61	29,34,24,44,89	133,94,199	36,73,147	298	149
1036	164,398,477,436,36	15,45,39,30,96	0,29,30	0,4,2	298	149
1037	7,22,22,22,23	0,16,0,18,4	44,46,99	6,11,22	298	149
1038	2,13,8,5,11	0,0,0,0,1	94,203,236	0,61,80	234	149
1039	11,119,32,35,40	0,7,0,0,0	184,122,206	43,17,39	253	149
1040	16,77,119,116,132	0,0,0,4,0	339,398,462	0,12,6	298	149
1041	8,109,101,113,55	18,159,175,120,83	148,290,631	304,250,425	254	149
1042	6,16,11,27,1	0,0,0,0,0	93,61,133	0,1,6	286	149
1043	50,277,211,199,143	0,25,51,18,21	179,288,273	266,767,982	278	149
1044	82,521,642,494,375	0,17,31,24,29	906,1749,1850	4,19,28	298	149
1045	55,342,336,285,211	0,0,0,0,0	432,871,946	0,0,10	298	149
1046	48,185,199,164,264	9,93,72,58,0	160,194,210	20,9,37	260	149
1047	6,14,11,6,16	4,6,1,4,4	9,7,9	2,1,4	264	149
1050	5,30,23,44,13	1,0,4,0,0	30,29,31	10,6,11	298	149
1051	103,417,377,447,378	1,5,10,21,0	337,397,418	12,28,39	296	149
1052	43,786,190,477,69	10,14,3,18,0	1107,379,1306	2,5,2	298	149
1053	3,24,44,50,81	0,4,2,6,50	6,4,8	2,0,0	298	149
1055	329,1204,761,1561,794	205,886,729,1284,0	90,83,214	0,19,34	265	149
1056	106,857,1045,823,808	8,53,85,39,65	10587,5827,9520	485,419,495	224	149
1057	0,1,0,0,0	0,0,0,0,0	14,10,17	4,0,0	228	149
1058	158,1359,1525,1346,1051	171,1393,1305,1785,1016	3122,2137,2764	1483,833,1341	239	149
1059	0,4,13,19,22	0,0,2,0,3	182,169,234	0,0,2	228	149
