ID	GeneID	geneSymbol	chr	strand	riExonStart_0base	riExonEnd	upstreamES	upstreamEE	downstreamES	downstreamEE
0	"LOC410658"	NA	chrNC_037653.1	-	6721433	6724151	6721433	6722460	6723911	6724151
1	"LOC408562"	NA	chrNC_037653.1	+	6573547	6577971	6573547	6574271	6577035	6577971
2	"LOC113219299"	NA	chrNC_037653.1	-	5125864	5128246	5125864	5126210	5126401	5128246
3	"LOC113219299"	NA	chrNC_037653.1	-	5125864	5128246	5125864	5126210	5126737	5128246
4	"LOC113219299"	NA	chrNC_037653.1	-	5125864	5128246	5125864	5126498	5126737	5128246
5	"LOC102655781"	NA	chrNC_037653.1	-	4737881	4739419	4737881	4739082	4739159	4739419
6	"LOC100577317"	NA	chrNC_037653.1	+	4687311	4687703	4687311	4687424	4687497	4687703
7	"LOC102653761"	NA	chrNC_037653.1	-	4604874	4605932	4604874	4605155	4605646	4605932
8	"LOC409777"	NA	chrNC_037653.1	+	4603960	4604315	4603960	4604130	4604193	4604315
9	"LOC100577695"	NA	chrNC_037653.1	-	3301676	3302042	3301676	3301835	3301908	3302042
10	"LOC551165"	NA	chrNC_037653.1	+	3099385	3099933	3099385	3099528	3099629	3099933
11	"LOC102655025"	NA	chrNC_037653.1	+	2905903	2906131	2905903	2906005	2906092	2906131
12	"LOC552100"	NA	chrNC_037653.1	-	2878223	2879070	2878223	2878677	2878838	2879070
13	"LOC552100"	NA	chrNC_037653.1	-	2878223	2879070	2878223	2878677	2878879	2879070
14	"LOC725251"	NA	chrNC_037653.1	+	2823341	2825809	2823341	2823729	2823804	2825809
15	"LOC413534"	NA	chrNC_037653.1	+	1249935	1250292	1249935	1250014	1250191	1250292
16	"LOC413532"	NA	chrNC_037653.1	+	1184460	1185296	1184460	1184706	1184795	1185296
17	"LOC107965756"	NA	chrNC_037653.1	-	323540	324093	323540	323981	324062	324093
18	"LOC411646"	NA	chrNC_037652.1	+	9394320	9394656	9394320	9394420	9394495	9394656
19	"LOC412789"	NA	chrNC_037652.1	+	7886779	7887198	7886779	7886850	7886982	7887198
20	"LOC726548"	NA	chrNC_037652.1	-	7819715	7820773	7819715	7820406	7820472	7820773
21	"LOC408517"	NA	chrNC_037652.1	-	7774331	7777053	7774331	7774545	7774833	7777053
22	"LOC552633"	NA	chrNC_037652.1	+	7665740	7666565	7665740	7666046	7666142	7666565
23	"LOC725115"	NA	chrNC_037652.1	+	7445726	7446772	7445726	7445790	7446706	7446772
24	"LOC100577783"	NA	chrNC_037652.1	+	6874316	6877013	6874316	6874475	6875255	6877013
25	"Adar"	NA	chrNC_037652.1	-	6313877	6314525	6313877	6314004	6314222	6314525
26	"Adar"	NA	chrNC_037652.1	-	6320141	6320517	6320141	6320250	6320326	6320517
27	"LOC412163"	NA	chrNC_037652.1	+	5169863	5170227	5169863	5169950	5170037	5170227
28	"LOC410623"	NA	chrNC_037652.1	-	5091216	5091668	5091216	5091440	5091518	5091668
29	"LOC410624"	NA	chrNC_037652.1	+	5072805	5074655	5072805	5074010	5074055	5074655
30	"LOC413032"	NA	chrNC_037652.1	-	3839160	3840221	3839160	3839687	3839768	3840221
31	"LOC413032"	NA	chrNC_037652.1	-	3840798	3841233	3840798	3841027	3841102	3841233
32	"LOC409440"	NA	chrNC_037652.1	+	3703902	3704188	3703902	3703953	3704024	3704188
33	"LOC100577929"	NA	chrNW_020555870.1	-	33315	33827	33315	33531	33629	33827
34	"Tpx-3"	NA	chrNC_037652.1	+	4366332	4366905	4366332	4366493	4366592	4366905
35	"LOC100578556"	NA	chrNC_037652.1	+	1821600	1822048	1821600	1821844	1821922	1822048
36	"LOC100578556"	NA	chrNC_037652.1	+	1821600	1822911	1821600	1822048	1822117	1822911
37	"LOC409573"	NA	chrNC_037652.1	+	1799719	1800350	1799719	1799917	1800007	1800350
38	"LOC411466"	NA	chrNC_037652.1	+	628194	628795	628194	628442	628693	628795
39	"LOC411466"	NA	chrNC_037652.1	+	646523	646923	646523	646698	646761	646923
40	"LOC411466"	NA	chrNC_037652.1	+	646523	646923	646523	646698	646833	646923
41	"LOC411466"	NA	chrNC_037652.1	+	658778	659504	658778	658909	658995	659504
42	"Metrn"	NA	chrNC_037651.1	+	10630609	10631335	10630609	10631072	10631142	10631335
43	"LOC551446"	NA	chrNC_037651.1	-	10602410	10602833	10602410	10602626	10602751	10602833
44	"LOC551446"	NA	chrNC_037651.1	-	10611482	10611766	10611482	10611582	10611696	10611766
45	"LOC727311"	NA	chrNC_037651.1	+	10455948	10456170	10455948	10456021	10456087	10456170
46	"LOC409253"	NA	chrNC_037651.1	+	10450746	10451211	10450746	10450957	10451056	10451211
47	"LOC727238"	NA	chrNC_037651.1	+	10041051	10044632	10041051	10044303	10044387	10044632
48	"LOC550799"	NA	chrNC_037651.1	+	9073240	9076239	9073240	9073410	9074338	9076239
49	"LOC412301"	NA	chrNC_037651.1	+	9058811	9059051	9058811	9058839	9058917	9059051
50	"LOC412301"	NA	chrNC_037651.1	+	9058811	9059051	9058811	9058839	9058920	9059051
51	"LOC726373"	NA	chrNC_037651.1	-	9030006	9031083	9030006	9030249	9030330	9031083
52	"LOC100576925"	NA	chrNC_037651.1	-	8628320	8628833	8628320	8628508	8628602	8628833
53	"LOC100576925"	NA	chrNC_037651.1	-	8628320	8628833	8628320	8628508	8628615	8628833
54	"LOC412941"	NA	chrNC_037651.1	-	8253349	8254325	8253349	8253748	8253979	8254325
55	"LOC725056"	NA	chrNC_037651.1	+	8245928	8246303	8245928	8246048	8246132	8246303
56	"LOC410509"	NA	chrNC_037651.1	+	7702421	7705682	7702421	7705436	7705562	7705682
57	"LOC100577030"	NA	chrNC_037651.1	-	7454836	7457500	7454836	7456414	7457372	7457500
58	"LOC100578862"	NA	chrNC_037651.1	+	7253657	7254263	7253657	7253832	7253889	7254263
59	"LOC551378"	NA	chrNC_037651.1	+	6866649	6867588	6866649	6867264	6867346	6867588
60	"LOC724846"	NA	chrNC_037651.1	-	6832349	6832695	6832349	6832581	6832663	6832695
61	"LOC413466"	NA	chrNC_037651.1	-	6682530	6683569	6682530	6682961	6683124	6683569
62	"LOC413466"	NA	chrNC_037651.1	-	6682530	6683569	6682530	6683010	6683124	6683569
63	"LOC409753"	NA	chrNC_037651.1	+	6507105	6508404	6507105	6507884	6508194	6508404
64	"LOC100577863"	NA	chrNC_037651.1	+	4758572	4761906	4758572	4760482	4760558	4761906
65	"LOC100577542"	NA	chrNC_037651.1	+	3798720	3799034	3798720	3798889	3798975	3799034
66	"LOC100577542"	NA	chrNC_037651.1	+	3857292	3860087	3857292	3858560	3859221	3860087
67	"LOC100576591"	NA	chrNC_037651.1	+	3404389	3405063	3404389	3404871	3405027	3405063
68	"LOC100576591"	NA	chrNC_037651.1	+	3410006	3410484	3410006	3410108	3410174	3410484
69	"LOC100576591"	NA	chrNC_037651.1	+	3410555	3410945	3410555	3410692	3410787	3410945
70	"LOC100576591"	NA	chrNC_037651.1	+	3410555	3410945	3410555	3410721	3410787	3410945
71	"LOC413623"	NA	chrNC_037651.1	-	2465037	2465574	2465037	2465257	2465392	2465574
72	"LOC100577945"	NA	chrNC_037651.1	+	2095523	2097194	2095523	2095598	2096218	2097194
73	"LOC100577945"	NA	chrNC_037651.1	+	2095523	2097194	2095523	2096128	2096218	2097194
74	"LOC552697"	NA	chrNC_037651.1	+	1478680	1479345	1478680	1478857	1478997	1479345
75	"LOC724962"	NA	chrNC_037650.1	-	10469347	10470244	10469347	10470082	10470152	10470244
76	"LOC551363"	NA	chrNC_037650.1	-	10324190	10324763	10324190	10324356	10324532	10324763
77	"LOC725111"	NA	chrNC_037650.1	-	10101111	10101312	10101111	10101131	10101251	10101312
78	"LOC409050"	NA	chrNC_037650.1	+	7316911	7318914	7316911	7317221	7317812	7318914
79	"LOC100577543"	NA	chrNC_037650.1	-	5909253	5910923	5909253	5910008	5910099	5910923
80	"LOC102653850"	NA	chrNC_037653.1	-	4501410	4502685	4501410	4501605	4501680	4502685
81	"LOC102653850"	NA	chrNC_037653.1	-	4501410	4502685	4501410	4502130	4502191	4502685
82	"LOC102653850"	NA	chrNC_037653.1	-	4501410	4502685	4501410	4502130	4502197	4502685
83	"LOC102653850"	NA	chrNC_037653.1	-	4501410	4502685	4501410	4501605	4502508	4502685
84	"LOC102653850"	NA	chrNC_037653.1	-	4501410	4502685	4501410	4502306	4502508	4502685
85	"LOC102653850"	NA	chrNC_037653.1	-	4503435	4503855	4503435	4503549	4503603	4503855
86	"LOC102654051"	NA	chrNC_037650.1	-	5839350	5840248	5839350	5839610	5839668	5840248
87	"LOC410442"	NA	chrNC_037650.1	+	5264844	5265159	5264844	5264920	5265001	5265159
88	"LOC107964603"	NA	chrNC_037643.1	-	6517261	6517881	6517261	6517348	6517579	6517881
89	"LOC725246"	NA	chrNC_037649.1	-	981131	982970	981131	981549	981736	982970
90	"Kr"	NA	chrNC_037643.1	-	9196306	9197033	9196306	9196579	9196684	9197033
91	"LOC102653687"	NA	chrNC_037643.1	+	5045829	5046186	5045829	5045945	5046019	5046186
92	"LOC100577651"	NA	chrNC_037648.1	+	385592	386256	385592	385709	385949	386256
93	"LOC413447"	NA	chrNC_037643.1	-	2386574	2386828	2386574	2386646	2386707	2386828
94	"TpnT"	NA	chrNC_037643.1	+	2068302	2068333	2068302	2068330	2068331	2068333
95	"LOC100577498"	NA	chrNC_037644.1	-	13518513	13523129	13518513	13520206	13520266	13523129
96	"LOC409729"	NA	chrNC_037642.1	-	13714656	13716548	13714656	13714903	13715960	13716548
97	"LOC409729"	NA	chrNC_037642.1	-	13714656	13716548	13714656	13715460	13715960	13716548
98	"LOC409729"	NA	chrNC_037642.1	-	13714656	13716548	13714656	13714903	13716041	13716548
99	"LOC409729"	NA	chrNC_037642.1	-	13714656	13716548	13714656	13715460	13716041	13716548
100	"LOC409729"	NA	chrNC_037642.1	-	13714656	13716548	13714656	13714903	13716350	13716548
101	"LOC409729"	NA	chrNC_037642.1	-	13714656	13716548	13714656	13715460	13716350	13716548
102	"LOC408315"	NA	chrNC_037648.1	+	14080787	14084011	14080787	14081776	14082033	14084011
103	"LOC408315"	NA	chrNC_037648.1	+	14080787	14084011	14080787	14082455	14082613	14084011
104	"LOC726654"	NA	chrNC_037642.1	-	13575948	13576519	13575948	13576113	13576245	13576519
105	"LOC552797"	NA	chrNC_037642.1	+	13445425	13446029	13445425	13445683	13445857	13446029
106	"LOC107964659"	NA	chrNC_037643.1	-	15325630	15326180	15325630	15325744	15325863	15326180
107	"LOC113219197"	NA	chrNC_037650.1	-	1857351	1857798	1857351	1857441	1857661	1857798
108	"LOC100576966"	NA	chrNC_037642.1	+	13253540	13255128	13253540	13253947	13254031	13255128
109	"LOC100577107"	NA	chrNC_037642.1	+	13233633	13234682	13233633	13234009	13234566	13234682
110	"LOC100578678"	NA	chrNC_037642.1	-	12919098	12920542	12919098	12919183	12919264	12920542
111	"LOC413825"	NA	chrNC_037642.1	-	11966608	11966939	11966608	11966765	11966831	11966939
112	"LOC726002"	NA	chrNC_037642.1	-	10980705	10981098	10980705	10980820	10980913	10981098
113	"LOC100576965"	NA	chrNC_037642.1	-	10029754	10032149	10029754	10031198	10031291	10032149
114	"LOC411468"	NA	chrNC_037641.1	-	5691739	5692896	5691739	5692628	5692726	5692896
115	"LOC408840"	NA	chrNC_037642.1	+	9749665	9750791	9749665	9749858	9750088	9750791
116	"LOC102656496"	NA	chrNC_037641.1	+	4999905	5000202	4999905	5000102	5000144	5000202
117	"LOC113218777"	NA	chrNC_037642.1	+	9908827	9909742	9908827	9908967	9909480	9909742
118	"LOC100577015"	NA	chrNC_037642.1	+	7595356	7595824	7595356	7595443	7595524	7595824
119	"LOC100577015"	NA	chrNC_037642.1	+	7596053	7598013	7596053	7596174	7597680	7598013
120	"LOC100577015"	NA	chrNC_037642.1	+	7596053	7598013	7596053	7596438	7597680	7598013
121	"LOC100577015"	NA	chrNC_037642.1	+	7596053	7598013	7596053	7597142	7597680	7598013
122	"LOC100577756"	NA	chrNC_037645.1	+	2629178	2630080	2629178	2629614	2629905	2630080
123	"LOC411086"	NA	chrNC_037642.1	-	7492475	7496268	7492475	7496067	7496133	7496268
124	"LOC411086"	NA	chrNC_037642.1	-	7537318	7539140	7537318	7538456	7538563	7539140
125	"LOC552574"	NA	chrNC_037642.1	-	7401055	7401563	7401055	7401235	7401321	7401563
126	"LOC726260"	NA	chrNC_037642.1	+	7316464	7316874	7316464	7316687	7316758	7316874
127	"LOC413171"	NA	chrNC_037642.1	-	7133464	7136165	7133464	7135691	7135884	7136165
128	"LOC107965266"	NA	chrNC_037648.1	-	567758	568326	567758	568152	568236	568326
129	"LOC411080"	NA	chrNC_037642.1	-	6535791	6537673	6535791	6536004	6536215	6537673
130	"LOC411080"	NA	chrNC_037642.1	-	6535791	6537673	6535791	6536505	6536586	6537673
131	"Ripk5"	NA	chrNC_037650.1	+	5541401	5543208	5541401	5542110	5542949	5543208
132	"Cyp314a1"	NA	chrNC_037642.1	-	13662309	13663045	13662309	13662476	13662846	13663045
133	"LOC408867"	NA	chrNC_037643.1	-	1813306	1813707	1813306	1813332	1813420	1813707
134	"LOC409332"	NA	chrNC_037648.1	+	7221612	7224610	7221612	7221903	7221999	7224610
135	"LOC724539"	NA	chrNC_037638.1	-	15610994	15611600	15610994	15611395	15611458	15611600
136	"LOC724539"	NA	chrNC_037638.1	-	15611667	15611920	15611667	15611833	15611890	15611920
137	"LOC100577801"	NA	chrNC_037648.1	+	12315543	12319079	12315543	12315715	12317765	12319079
138	"LOC100577801"	NA	chrNC_037648.1	+	12315543	12319079	12315543	12315715	12318931	12319079
139	"LOC727151"	NA	chrNC_037651.1	+	9855848	9856241	9855848	9855979	9856060	9856241
140	"LOC551628"	NA	chrNC_037641.1	-	13005546	13005827	13005546	13005591	13005651	13005827
141	"LOC408754"	NA	chrNC_037640.1	-	3997457	3999554	3997457	3997740	3998051	3999554
142	"LOC102653821"	NA	chrNC_037643.1	+	13492796	13493174	13492796	13492957	13493027	13493174
143	"LOC410986"	NA	chrNC_037641.1	-	12617883	12618162	12617883	12617982	12618074	12618162
144	"LOC410986"	NA	chrNC_037641.1	-	12617883	12618162	12617883	12617982	12618101	12618162
145	"LOC102655409"	NA	chrNC_037641.1	-	12474579	12477931	12474579	12475214	12475367	12477931
146	"LOC408779"	NA	chrNC_037641.1	+	12222976	12234722	12222976	12229116	12229203	12234722
147	"LOC408779"	NA	chrNC_037641.1	+	12222976	12234722	12222976	12229116	12229284	12234722
148	"LOC408779"	NA	chrNC_037641.1	+	12222976	12234722	12222976	12229380	12230034	12234722
149	"LOC100578177"	NA	chrNC_037644.1	-	2980005	2980654	2980005	2980224	2980314	2980654
150	"LOC410573"	NA	chrNC_037652.1	-	9186389	9189933	9186389	9186874	9189775	9189933
151	"LOC410573"	NA	chrNC_037652.1	-	9186389	9189933	9186389	9186922	9189775	9189933
152	"LOC552792"	NA	chrNC_037641.1	+	11950909	11951731	11950909	11951460	11951565	11951731
153	"LOC107965612"	NA	chrNC_037652.1	-	8903342	8903767	8903342	8903522	8903606	8903767
154	"LOC724498"	NA	chrNC_037647.1	+	944142	945601	944142	944443	944763	945601
155	"LOC100576683"	NA	chrNC_037642.1	+	11384383	11384977	11384383	11384713	11384783	11384977
156	"LOC100576683"	NA	chrNC_037642.1	+	11384383	11384977	11384383	11384713	11384786	11384977
157	"LOC413377"	NA	chrNC_037638.1	+	24141008	24148451	24141008	24148310	24148397	24148451
158	"LOC413377"	NA	chrNC_037638.1	+	24141008	24148778	24141008	24148451	24148594	24148778
159	"LOC102653731"	NA	chrNC_037643.1	+	5051365	5052448	5051365	5052130	5052220	5052448
160	"LOC409463"	NA	chrNC_037645.1	+	1554777	1554980	1554777	1554821	1554900	1554980
161	"LOC409051"	NA	chrNC_037641.1	+	9999068	10010717	9999068	10008241	10008274	10010717
162	"Tbh"	NA	chrNC_037640.1	-	8155503	8155767	8155503	8155544	8155598	8155767
163	"LOC413113"	NA	chrNC_037641.1	+	8844930	8849126	8844930	8846137	8846221	8849126
164	"LOC102654066"	NA	chrNC_037641.1	+	8624784	8625087	8624784	8624931	8624999	8625087
165	"LOC102654507"	NA	chrNC_037646.1	+	10413512	10416205	10413512	10413687	10414634	10416205
166	"LOC408811"	NA	chrNC_037641.1	+	6768176	6768690	6768176	6768291	6768495	6768690
167	"LOC408811"	NA	chrNC_037641.1	+	6775649	6776580	6775649	6775759	6775862	6776580
168	"LOC408811"	NA	chrNC_037641.1	+	6775649	6777498	6775649	6775763	6775862	6777498
169	"LOC413040"	NA	chrNC_037643.1	+	3757968	3758371	3757968	3758027	3758094	3758371
170	"LOC100577164"	NA	chrNC_037642.1	-	8111240	8112331	8111240	8111531	8111970	8112331
171	"LOC413858"	NA	chrNC_037640.1	+	4573982	4578755	4573982	4578034	4578125	4578755
172	"LOC551679"	NA	chrNC_037638.1	-	12025002	12025552	12025002	12025211	12025304	12025552
173	"LOC410969"	NA	chrNC_037640.1	-	3485828	3486732	3485828	3486471	3486672	3486732
174	"LOC411476"	NA	chrNC_037646.1	-	5793885	5794427	5793885	5794061	5794139	5794427
175	"LOC100576522"	NA	chrNC_037642.1	+	13180362	13180755	13180362	13180441	13180515	13180755
176	"LOC102656523"	NA	chrNC_037643.1	-	15719992	15720511	15719992	15720357	15720431	15720511
177	"LOC102656523"	NA	chrNC_037643.1	-	15719992	15721613	15719992	15720511	15720567	15721613
178	"LOC102656523"	NA	chrNC_037643.1	-	15719992	15721613	15719992	15720781	15721011	15721613
179	"LOC100578386"	NA	chrNC_037647.1	+	11932570	11934378	11932570	11934138	11934222	11934378
180	"LOC725393"	NA	chrNC_037650.1	-	11022078	11026322	11022078	11024187	11025132	11026322
181	"LOC724373"	NA	chrNC_037638.1	-	15396053	15396833	15396053	15396646	15396719	15396833
182	"LOC409065"	NA	chrNC_037645.1	+	6491762	6492860	6491762	6492438	6492516	6492860
183	"LOC100578955"	NA	chrNC_037641.1	-	2621068	2622079	2621068	2621592	2621778	2622079
184	"LOC413926"	NA	chrNC_037642.1	+	10950492	10950810	10950492	10950689	10950779	10950810
185	"LOC413278"	NA	chrNC_037639.1	+	4375473	4375965	4375473	4375725	4375821	4375965
186	"LOC551340"	NA	chrNW_020555859.1	+	442889	443745	442889	443172	443361	443745
187	"LOC725864"	NA	chrNC_037640.1	+	13310420	13310680	13310420	13310466	13310565	13310680
188	"LOC412620"	NA	chrNC_037640.1	+	13305520	13305905	13305520	13305686	13305746	13305905
189	"LOC408314"	NA	chrNC_037648.1	-	14061622	14062089	14061622	14061818	14061962	14062089
190	"LOC724177"	NA	chrNC_037646.1	-	2777830	2778573	2777830	2777923	2778157	2778573
191	"LOC724235"	NA	chrNC_037638.1	+	12179475	12181863	12179475	12179641	12179910	12181863
192	"LOC724235"	NA	chrNC_037638.1	+	12179475	12181863	12179475	12179717	12179910	12181863
193	"LOC726770"	NA	chrNC_037648.1	+	5123690	5124074	5123690	5123808	5123877	5124074
194	"LOC726770"	NA	chrNC_037648.1	+	5133658	5134252	5133658	5133931	5134033	5134252
195	"LOC413073"	NA	chrNC_037643.1	+	8654409	8656040	8654409	8654500	8655292	8656040
196	"Amel_8916"	NA	chrNC_037646.1	+	1360992	1361192	1360992	1361053	1361054	1361192
197	"LOC412024"	NA	chrNC_037652.1	-	6537060	6537377	6537060	6537195	6537355	6537377
198	"LOC724652"	NA	chrNC_037640.1	+	11689019	11690780	11689019	11689296	11689406	11690780
199	"LOC724344"	NA	chrNC_037640.1	+	11463139	11464750	11463139	11464209	11464320	11464750
200	"LOC107964882"	NA	chrNC_037645.1	+	11969230	11969542	11969230	11969430	11969525	11969542
201	"LOC107964882"	NA	chrNC_037645.1	+	11969230	11969768	11969230	11969332	11969640	11969768
202	"LOC107964882"	NA	chrNC_037645.1	+	11969230	11969768	11969230	11969542	11969640	11969768
203	"LOC552841"	NA	chrNC_037641.1	+	11504715	11504997	11504715	11504849	11504948	11504997
204	"LOC413577"	NA	chrNC_037638.1	+	20520671	20521718	20520671	20521076	20521169	20521718
205	"LOC412933"	NA	chrNC_037643.1	+	5155503	5155864	5155503	5155716	5155798	5155864
206	"LOC726240"	NA	chrNC_037650.1	+	11253072	11253992	11253072	11253730	11253812	11253992
207	"LOC726252"	NA	chrNC_037640.1	-	9470161	9479222	9470161	9472125	9472155	9479222
208	"LOC100577178"	NA	chrNC_037640.1	-	8976414	8977833	8976414	8977609	8977770	8977833
209	"LOC551502"	NA	chrNC_037650.1	+	2786147	2786536	2786147	2786284	2786365	2786536
210	"LOC551502"	NA	chrNC_037650.1	+	2786147	2786536	2786147	2786305	2786365	2786536
211	"LOC408374"	NA	chrNC_037649.1	+	5273948	5275326	5273948	5274368	5274963	5275326
212	"LOC408374"	NA	chrNC_037649.1	+	5273948	5275326	5273948	5274372	5274963	5275326
213	"LOC408374"	NA	chrNC_037649.1	+	5273948	5275326	5273948	5274401	5274963	5275326
214	"LOC726365"	NA	chrNC_037640.1	+	8199485	8200170	8199485	8199871	8199942	8200170
215	"LOC107965262"	NA	chrNC_037648.1	+	13601812	13602079	13601812	13601871	13601946	13602079
216	"LOC552510"	NA	chrNC_037640.1	+	8110722	8112973	8110722	8111344	8111894	8112973
217	"LOC726727"	NA	chrNC_037640.1	-	8089420	8090036	8089420	8089816	8089917	8090036
218	"LOC100578434"	NA	chrNC_037643.1	+	6638079	6638974	6638079	6638354	6638567	6638974
219	"LOC410044"	NA	chrNC_037640.1	+	7005874	7007226	7005874	7006178	7006699	7007226
220	"LOC107964268"	NA	chrNC_037641.1	+	5363128	5364367	5363128	5364171	5364241	5364367
221	"LOC551170"	NA	chrNC_037640.1	+	6206303	6206999	6206303	6206609	6206690	6206999
222	"LOC551897"	NA	chrNC_037642.1	+	5318825	5319825	5318825	5318854	5319277	5319825
223	"LOC410948"	NA	chrNC_037640.1	-	6071136	6073071	6071136	6071348	6071733	6073071
224	"LOC410952"	NA	chrNC_037640.1	+	5495665	5495980	5495665	5495750	5495819	5495980
225	"LOC113218557"	NA	chrNC_037641.1	-	1779611	1779947	1779611	1779616	1779705	1779947
226	"LOC102655807"	NA	chrNC_037640.1	+	4770900	4772152	4770900	4771841	4771931	4772152
227	"LOC102655807"	NA	chrNC_037640.1	+	4772238	4773040	4772238	4772383	4772637	4773040
228	"LOC102655807"	NA	chrNC_037640.1	+	4772238	4773040	4772238	4772848	4772936	4773040
229	"LOC102655807"	NA	chrNC_037640.1	+	4774030	4774458	4774030	4774203	4774300	4774458
230	"tra2"	NA	chrNC_037648.1	+	10536070	10536589	10536070	10536327	10536423	10536589
231	"LOC113218769"	NA	chrNC_037642.1	-	9746076	9746463	9746076	9746159	9746248	9746463
232	"LOC113218769"	NA	chrNC_037642.1	-	9746950	9747311	9746950	9747110	9747209	9747311
233	"LOC408766"	NA	chrNC_037641.1	+	2861371	2864699	2861371	2862757	2862853	2864699
234	"LOC100576737"	NA	chrNC_037640.1	-	4000636	4001238	4000636	4001034	4001100	4001238
235	"LOC102654860"	NA	chrNC_037643.1	+	8893490	8894950	8893490	8894661	8894738	8894950
236	"LOC413101"	NA	chrNC_037647.1	+	3829374	3831915	3829374	3831533	3831766	3831915
237	"E74"	NA	chrNC_037640.1	-	3463076	3463939	3463076	3463254	3463372	3463939
238	"LOC410616"	NA	chrNC_037652.1	+	6229371	6230519	6229371	6229489	6229574	6230519
239	"LOC724809"	NA	chrNC_037640.1	+	3315688	3315929	3315688	3315769	3315838	3315929
240	"LOC551725"	NA	chrNC_037638.1	+	20586703	20587071	20586703	20586800	20586966	20587071
241	"LOC413810"	NA	chrNC_037640.1	+	3241798	3243508	3241798	3242778	3242859	3243508
242	"LOC552695"	NA	chrNC_037648.1	-	15797315	15797585	15797315	15797398	15797506	15797585
243	"LOC409468"	NA	chrNC_037638.1	+	5243026	5243516	5243026	5243347	5243422	5243516
244	"LOC409468"	NA	chrNC_037638.1	+	5243026	5243516	5243026	5243347	5243425	5243516
245	"LOC409468"	NA	chrNC_037638.1	+	5244931	5245221	5244931	5245049	5245139	5245221
246	"LOC410031"	NA	chrNC_037643.1	-	9099328	9099664	9099328	9099555	9099645	9099664
247	"LOC102656140"	NA	chrNC_037642.1	+	3516922	3517430	3516922	3517103	3517170	3517430
248	"LOC727415"	NA	chrNC_037640.1	-	529649	530094	529649	529685	530036	530094
249	"LOC552667"	NA	chrNC_037640.1	-	445168	445540	445168	445289	445373	445540
250	"LOC413334"	NA	chrNC_037644.1	-	1697850	1699362	1697850	1699043	1699155	1699362
251	"LOC102654728"	NA	chrNC_037640.1	-	56171	58470	56171	57280	58370	58470
252	"LOC409422"	NA	chrNC_037640.1	+	24904	25164	24904	25016	25095	25164
253	"LOC100577216"	NA	chrNC_037640.1	-	3522	3782	3522	3591	3670	3782
254	"LOC100577216"	NA	chrNC_037640.1	-	11707	11967	11707	11776	11855	11967
255	"LOC100577216"	NA	chrNC_037640.1	-	28949	29209	28949	29018	29097	29209
256	"LOC100577216"	NA	chrNC_037640.1	-	37170	37430	37170	37239	37318	37430
257	"LOC412703"	NA	chrNC_037641.1	+	8029356	8029935	8029356	8029675	8029850	8029935
258	"LOC409665"	NA	chrNC_037652.1	-	5947436	5948752	5947436	5948615	5948672	5948752
259	"LOC100578835"	NA	chrNC_037642.1	-	13218879	13222282	13218879	13220981	13221149	13222282
260	"LOC100578835"	NA	chrNC_037642.1	-	13218879	13222282	13218879	13220981	13221282	13222282
261	"LOC100578835"	NA	chrNC_037642.1	-	13218879	13222282	13218879	13220981	13221409	13222282
262	"LOC100578835"	NA	chrNC_037642.1	-	13218879	13222282	13218879	13221516	13221574	13222282
263	"LOC100578835"	NA	chrNC_037642.1	-	13218879	13222282	13218879	13221872	13221953	13222282
264	"LOC100578835"	NA	chrNC_037642.1	-	13222347	13223060	13222347	13222460	13222904	13223060
265	"LOC409093"	NA	chrNC_037638.1	+	11872140	11873087	11872140	11872227	11872893	11873087
266	"LOC409093"	NA	chrNC_037638.1	+	11872140	11873087	11872140	11872749	11872893	11873087
267	"LOC409093"	NA	chrNC_037638.1	+	11872140	11874471	11872140	11872578	11872893	11874471
268	"LOC409093"	NA	chrNC_037638.1	+	11872140	11874471	11872140	11873087	11873243	11874471
269	"LOC409093"	NA	chrNC_037638.1	+	11872140	11874471	11872140	11873214	11873301	11874471
270	"LOC113218581"	NA	chrNC_037638.1	-	15940019	15941039	15940019	15940273	15940877	15941039
271	"LOC113218581"	NA	chrNC_037638.1	-	15940019	15941039	15940019	15940292	15940877	15941039
272	"LOC727346"	NA	chrNC_037643.1	+	12163547	12163834	12163547	12163701	12163788	12163834
273	"LOC552221"	NA	chrNC_037638.1	+	14955227	14955492	14955227	14955277	14955349	14955492
274	"LOC100578248"	NA	chrNC_037641.1	-	8776420	8777332	8776420	8776501	8776531	8777332
275	"LOC724281"	NA	chrNC_037638.1	+	15334069	15335892	15334069	15335059	15335103	15335892
276	"LOC724281"	NA	chrNC_037638.1	+	15334069	15335892	15334069	15335059	15335123	15335892
277	"LOC410056"	NA	chrNC_037642.1	-	9476149	9476552	9476149	9476349	9476451	9476552
278	"LOC102655367"	NA	chrNC_037639.1	+	9991542	9991875	9991542	9991653	9991719	9991875
279	"LOC409282"	NA	chrNC_037638.1	-	15090600	15091398	15090600	15090963	15091062	15091398
280	"LOC100578368"	NA	chrNC_037641.1	-	12413082	12418995	12413082	12413402	12414092	12418995
281	"LOC100578368"	NA	chrNC_037641.1	-	12413082	12418995	12413082	12413402	12414459	12418995
282	"LOC100578368"	NA	chrNC_037641.1	-	12413082	12418995	12413082	12413402	12415250	12418995
283	"LOC412965"	NA	chrNC_037642.1	-	8260863	8262850	8260863	8262019	8262276	8262850
284	"LOC724450"	NA	chrNC_037642.1	-	1944755	1950196	1944755	1948208	1948594	1950196
285	"LOC724450"	NA	chrNC_037642.1	-	1944755	1950196	1944755	1948308	1948594	1950196
286	"LOC410282"	NA	chrNC_037648.1	-	16213513	16213909	16213513	16213633	16213705	16213909
287	"LOC100578721"	NA	chrNC_037638.1	+	14348780	14349665	14348780	14349476	14349545	14349665
288	"LOC412130"	NA	chrNC_037641.1	-	3707201	3707622	3707201	3707429	3707493	3707622
289	"LOC408402"	NA	chrNC_037650.1	+	2884582	2885638	2884582	2885271	2885330	2885638
290	"LOC724636"	NA	chrNC_037638.1	-	14241937	14242268	14241937	14242065	14242155	14242268
291	"LOC410887"	NA	chrNC_037639.1	+	6959324	6960017	6959324	6959638	6959738	6960017
292	"LOC410831"	NA	chrNC_037639.1	-	13245996	13250410	13245996	13247068	13247876	13250410
293	"LOC551807"	NA	chrNC_037645.1	-	1542840	1543822	1542840	1543108	1543162	1543822
294	"LOC725164"	NA	chrNC_037639.1	+	6483777	6485196	6483777	6483842	6483908	6485196
295	"LOC725164"	NA	chrNC_037639.1	+	6488391	6492021	6488391	6488553	6490995	6492021
296	"LOC725164"	NA	chrNC_037639.1	+	6488391	6492021	6488391	6489627	6490995	6492021
297	"LOC102653997"	NA	chrNC_037638.1	-	12828607	12829276	12828607	12828845	12828926	12829276
298	"LOC410718"	NA	chrNC_037638.1	+	13024799	13027097	13024799	13025070	13025605	13027097
299	"LOC551249"	NA	chrNC_037650.1	+	8717382	8717663	8717382	8717547	8717606	8717663
300	"LOC100576125"	NA	chrNC_037641.1	+	8487576	8489863	8487576	8488229	8488676	8489863
301	"LOC551842"	NA	chrNC_037638.1	+	4566500	4567058	4566500	4566719	4566815	4567058
302	"LOC100576336"	NA	chrNC_037643.1	+	14139890	14140930	14139890	14140293	14140364	14140930
303	"LOC100577174"	NA	chrNC_037640.1	-	4706249	4708332	4706249	4706721	4708261	4708332
304	"LOC100577174"	NA	chrNC_037640.1	-	4708261	4708810	4708261	4708332	4708405	4708810
305	"LOC409107"	NA	chrNC_037644.1	+	12080487	12080739	12080487	12080518	12080626	12080739
306	"LOC726817"	NA	chrNC_037641.1	+	12373677	12374368	12373677	12373960	12374218	12374368
307	"LOC409109"	NA	chrNC_037638.1	-	12220524	12221499	12220524	12220693	12220777	12221499
308	"LOC550689"	NA	chrNC_037643.1	-	15358096	15358571	15358096	15358290	15358366	15358571
309	"LOC725829"	NA	chrNC_037640.1	+	3035333	3037642	3035333	3035531	3036245	3037642
310	"LOC725829"	NA	chrNC_037640.1	+	3035333	3037642	3035333	3035876	3036245	3037642
311	"LOC409675"	NA	chrNC_037643.1	-	5139686	5142128	5139686	5141672	5141900	5142128
312	"LOC551555"	NA	chrNC_037638.1	+	13940	16474	13940	15095	15179	16474
313	"LOC410603"	NA	chrNC_037652.1	-	6968332	6969218	6968332	6968633	6968693	6969218
314	"LOC410603"	NA	chrNC_037652.1	-	6968332	6969218	6968332	6968804	6968869	6969218
315	"LOC726667"	NA	chrNC_037638.1	+	11739110	11739561	11739110	11739169	11739427	11739561
316	"Or57"	NA	chrNC_037639.1	+	10140804	10141075	10140804	10140904	10140964	10141075
317	"Tpcn1"	NA	chrNC_037638.1	+	2104554	2104856	2104554	2104652	2104790	2104856
318	"LOC727234"	NA	chrNC_037648.1	+	14861331	14862036	14861331	14861373	14861451	14862036
319	"LOC102653945"	NA	chrNC_037648.1	+	893605	894260	893605	893815	893895	894260
320	"LOC551919"	NA	chrNC_037642.1	+	11248696	11249301	11248696	11248834	11248926	11249301
321	"LOC107966061"	NA	chrNC_037638.1	+	21475470	21481907	21475470	21475814	21475925	21481907
322	"LOC107966049"	NA	chrNC_037638.1	-	10978656	10980725	10978656	10980456	10980558	10980725
323	"LOC409743"	NA	chrNC_037651.1	-	5407708	5408189	5407708	5408054	5408122	5408189
324	"nAChRa6"	NA	chrNC_037639.1	+	3502596	3503239	3502596	3502738	3502992	3503239
325	"LOC724925"	NA	chrNC_037642.1	-	5397794	5398078	5397794	5397865	5397943	5398078
326	"LOC102653619"	NA	chrNC_037638.1	-	1606221	1609466	1606221	1607277	1607380	1609466
327	"LOC102653619"	NA	chrNC_037638.1	-	1606221	1609466	1606221	1609198	1609280	1609466
328	"LOC102653619"	NA	chrNC_037638.1	-	1611084	1614722	1611084	1611600	1611757	1614722
329	"LOC102654998"	NA	chrNC_037638.1	-	1771625	1772176	1771625	1771678	1771843	1772176
330	"LOC102654998"	NA	chrNC_037638.1	-	1773265	1773619	1773265	1773404	1773479	1773619
331	"LOC724903"	NA	chrNC_037638.1	-	17470228	17471866	17470228	17470516	17471812	17471866
332	"LOC408874"	NA	chrNC_037643.1	+	14492817	14496462	14492817	14495919	14495988	14496462
333	"LOC113218748"	NA	chrNC_037641.1	+	4173318	4181015	4173318	4174572	4174632	4181015
334	"LOC107964212"	NA	chrNC_037640.1	+	4353645	4354087	4353645	4353722	4353813	4354087
335	"LOC100577548"	NA	chrNC_037641.1	+	12044046	12044457	12044046	12044155	12044229	12044457
336	"LOC410780"	NA	chrNC_037638.1	-	24826158	24828137	24826158	24826545	24827896	24828137
337	"LOC408810"	NA	chrNC_037641.1	+	6968665	6969352	6968665	6968962	6969034	6969352
338	"LOC726781"	NA	chrNC_037648.1	-	14375365	14375591	14375365	14375476	14375581	14375591
339	"LOC726781"	NA	chrNC_037648.1	-	14375365	14375591	14375365	14375479	14375581	14375591
340	"LOC551581"	NA	chrNC_037638.1	-	9187215	9187566	9187215	9187305	9187398	9187566
341	"LOC725335"	NA	chrNC_037646.1	+	9744099	9744601	9744099	9744238	9744322	9744601
342	"LOC411675"	NA	chrNC_037638.1	+	2148094	2148519	2148094	2148217	2148290	2148519
343	"LOC551858"	NA	chrNC_037641.1	-	2759526	2760070	2759526	2759598	2759994	2760070
344	"LOC551259"	NA	chrNC_037644.1	+	9007078	9008530	9007078	9007153	9007483	9008530
345	"LOC551259"	NA	chrNC_037644.1	+	9007078	9008530	9007078	9007324	9007483	9008530
346	"LOC102655033"	NA	chrNC_037643.1	-	7003915	7004265	7003915	7004100	7004177	7004265
347	"LOC410165"	NA	chrNC_037642.1	-	8442735	8447618	8442735	8443216	8447163	8447618
348	"LOC410165"	NA	chrNC_037642.1	-	8442735	8447618	8442735	8447093	8447163	8447618
349	"LOC551486"	NA	chrNC_037648.1	-	2614724	2615738	2614724	2615484	2615578	2615738
350	"LOC551486"	NA	chrNC_037648.1	-	2614724	2615738	2614724	2615484	2615583	2615738
351	"LOC409443"	NA	chrNC_037640.1	-	4418659	4418966	4418659	4418760	4418841	4418966
352	"LOC724900"	NA	chrNC_037640.1	+	12764899	12765869	12764899	12765029	12765128	12765869
353	"LOC107965402"	NA	chrNC_037650.1	+	2939257	2939786	2939257	2939552	2939627	2939786
354	"LOC412644"	NA	chrNC_037642.1	+	131974	132442	131974	132175	132269	132442
355	"LOC408618"	NA	chrNC_037638.1	-	4000850	4001319	4000850	4001131	4001239	4001319
356	"LOC412104"	NA	chrNC_037642.1	-	145317	145837	145317	145451	145535	145837
357	"LOC100578161"	NA	chrNC_037643.1	-	16490886	16492956	16490886	16492070	16492865	16492956
358	"LOC100578161"	NA	chrNC_037643.1	-	16493875	16494503	16493875	16493980	16494353	16494503
359	"LOC409937"	NA	chrNC_037638.1	+	19765370	19766327	19765370	19765892	19766025	19766327
360	"LOC413380"	NA	chrNC_037648.1	+	2238813	2240237	2238813	2239684	2239861	2240237
361	"LOC100576446"	NA	chrNC_037638.1	+	12514762	12515221	12514762	12514919	12515086	12515221
362	"LOC411490"	NA	chrNC_037646.1	+	11286633	11287100	11286633	11286828	11286913	11287100
363	"LOC409053"	NA	chrNC_037638.1	-	5634907	5636615	5634907	5635705	5636522	5636615
364	"LOC409053"	NA	chrNC_037638.1	-	5638730	5639106	5638730	5638932	5639007	5639106
365	"LOC102655442"	NA	chrNC_037638.1	+	1214381	1214946	1214381	1214509	1214648	1214946
366	"LOC409965"	NA	chrNC_037640.1	-	8274155	8274606	8274155	8274323	8274423	8274606
367	"LOC409965"	NA	chrNC_037640.1	-	8274203	8274606	8274203	8274258	8274423	8274606
368	"LOC412195"	NA	chrNC_037640.1	+	1942784	1943250	1942784	1942873	1943026	1943250
369	"LOC726231"	NA	chrNC_037639.1	-	14756223	14759022	14756223	14756665	14758210	14759022
370	"LOC726231"	NA	chrNC_037639.1	-	14756223	14759022	14756223	14756749	14758210	14759022
371	"LOC102656575"	NA	chrNC_037638.1	-	19456316	19457519	19456316	19456520	19456600	19457519
372	"LOC102656575"	NA	chrNC_037638.1	-	19456316	19457519	19456316	19456840	19456903	19457519
373	"LOC102654387"	NA	chrNC_037643.1	-	9000955	9001408	9000955	9001202	9001303	9001408
374	"LOC102655229"	NA	chrNC_037638.1	-	5598364	5598841	5598364	5598471	5598615	5598841
375	"LOC102656112"	NA	chrNC_037653.1	-	3461154	3464646	3461154	3462826	3463036	3464646
376	"LOC552508"	NA	chrNC_037651.1	-	6845674	6846250	6845674	6846049	6846122	6846250
377	"LOC100577113"	NA	chrNC_037638.1	-	8183446	8184039	8183446	8183843	8183940	8184039
378	"LOC100577113"	NA	chrNC_037638.1	-	8184717	8185628	8184717	8184903	8184969	8185628
379	"LOC100577113"	NA	chrNC_037638.1	-	8184717	8185628	8184717	8185180	8185305	8185628
380	"LOC102653678"	NA	chrNC_037648.1	-	14529045	14529494	14529045	14529151	14529218	14529494
381	"LOC102653678"	NA	chrNC_037648.1	-	14531147	14532170	14531147	14531643	14531719	14532170
382	"LOC102653678"	NA	chrNC_037648.1	-	14532625	14534975	14532625	14532731	14532832	14534975
383	"LOC102653678"	NA	chrNC_037648.1	-	14532625	14534975	14532625	14533234	14533742	14534975
384	"LOC102653678"	NA	chrNC_037648.1	-	14532625	14534975	14532625	14533618	14533742	14534975
385	"LOC102653678"	NA	chrNC_037648.1	-	14532625	14534975	14532625	14534556	14534631	14534975
386	"LOC102653678"	NA	chrNC_037648.1	-	14535050	14536524	14535050	14535164	14535495	14536524
387	"LOC102653678"	NA	chrNC_037648.1	-	14538605	14539227	14538605	14538925	14539070	14539227
388	"LOC724288"	NA	chrNC_037648.1	-	9930861	9931226	9930861	9930997	9931084	9931226
389	"LOC551970"	NA	chrNC_037640.1	+	4548684	4549261	4548684	4548984	4549082	4549261
390	"LOC551970"	NA	chrNC_037640.1	+	4548684	4549261	4548684	4548984	4549093	4549261
391	"LOC102656910"	NA	chrNC_037640.1	+	13172642	13173139	13172642	13172824	13172935	13173139
392	"LOC102655652"	NA	chrNC_037638.1	-	1961412	1961768	1961412	1961594	1961692	1961768
393	"LOC102655652"	NA	chrNC_037638.1	-	1963062	1964940	1963062	1963327	1963428	1964940
394	"LOC410256"	NA	chrNC_037648.1	+	14005429	14006037	14005429	14005681	14005795	14006037
395	"LOC724361"	NA	chrNC_037648.1	+	558242	558686	558242	558303	558384	558686
396	"LOC102656066"	NA	chrNC_037648.1	-	13567567	13568755	13567567	13567618	13567949	13568755
397	"LOC412855"	NA	chrNC_037640.1	+	8029237	8029615	8029237	8029391	8029463	8029615
398	"LOC726014"	NA	chrNC_037638.1	-	11153813	11155690	11153813	11154953	11155327	11155690
399	"LOC726014"	NA	chrNC_037638.1	-	11153813	11155690	11153813	11155141	11155327	11155690
400	"LOC724187"	NA	chrNC_037639.1	+	11059269	11059513	11059269	11059334	11059409	11059513
401	"LOC724187"	NA	chrNC_037639.1	+	11059269	11060453	11059269	11059513	11060198	11060453
402	"LOC102656085"	NA	chrNW_020555866.1	+	21321	21661	21321	21382	21482	21661
403	"LOC102656085"	NA	chrNW_020555866.1	+	21321	21661	21321	21410	21482	21661
404	"LOC102656085"	NA	chrNW_020555866.1	+	21321	21661	21321	21482	21594	21661
405	"LOC552070"	NA	chrNC_037649.1	+	7319777	7320163	7319777	7319882	7319961	7320163
406	"LOC552070"	NA	chrNC_037649.1	+	7319777	7320163	7319777	7319886	7319961	7320163
407	"LOC552070"	NA	chrNC_037649.1	+	7321818	7321996	7321818	7321846	7321952	7321996
408	"LOC100576196"	NA	chrNC_037642.1	+	8678386	8681069	8678386	8678973	8679886	8681069
409	"LOC100577600"	NA	chrNC_037645.1	+	5214160	5218760	5214160	5216616	5217120	5218760
410	"LOC107964419"	NA	chrNC_037642.1	+	5843288	5843854	5843288	5843394	5843540	5843854
411	"LOC412813"	NA	chrNC_037638.1	+	10085694	10086307	10085694	10086005	10086120	10086307
412	"LOC408286"	NA	chrNC_037647.1	-	9839621	9840301	9839621	9839776	9839866	9840301
413	"LOC726602"	NA	chrNC_037641.1	+	12185607	12186151	12185607	12185867	12185975	12186151
414	"LOC726602"	NA	chrNC_037641.1	+	12185975	12186331	12185975	12186151	12186229	12186331
415	"LOC100577958"	NA	chrNC_037643.1	-	15341932	15345310	15341932	15342351	15343264	15345310
416	"LOC413404"	NA	chrNC_037640.1	-	8252801	8252934	8252801	8252841	8252923	8252934
417	"LOC409383"	NA	chrNC_037638.1	-	5614359	5615129	5614359	5614577	5614948	5615129
418	"LOC724275"	NA	chrNC_037639.1	+	3887872	3888321	3887872	3888151	3888222	3888321
419	"LOC100576602"	NA	chrNC_037638.1	+	1456457	1458331	1456457	1456741	1458098	1458331
420	"LOC100576602"	NA	chrNC_037638.1	+	1457618	1458331	1457618	1457919	1458098	1458331
421	"LOC100576602"	NA	chrNC_037638.1	+	1458415	1460077	1458415	1458935	1459575	1460077
422	"LOC100576602"	NA	chrNC_037638.1	+	1458415	1460077	1458415	1459147	1459575	1460077
423	"LOC100576602"	NA	chrNC_037638.1	+	1461018	1463136	1461018	1462872	1463008	1463136
424	"LOC100576288"	NA	chrNC_037638.1	-	9233712	9235877	9233712	9233975	9235840	9235877
425	"LOC100576288"	NA	chrNC_037638.1	-	9233712	9235877	9233712	9235763	9235840	9235877
426	"LOC100576288"	NA	chrNC_037638.1	-	9235840	9236828	9235840	9235877	9235969	9236828
427	"LOC100576288"	NA	chrNC_037638.1	-	9235840	9236828	9235840	9235894	9235969	9236828
428	"LOC411037"	NA	chrNC_037641.1	+	6569943	6570646	6569943	6570163	6570228	6570646
429	"LOC107964593"	NA	chrNC_037638.1	+	5688023	5688502	5688023	5688241	5688382	5688502
430	"LOC725527"	NA	chrNC_037638.1	-	14137304	14137928	14137304	14137358	14137631	14137928
431	"5-HT2alpha"	NA	chrNC_037646.1	-	8796100	8797600	8796100	8796397	8796836	8797600
432	"5-HT2alpha"	NA	chrNC_037646.1	-	8796100	8797600	8796100	8796397	8796870	8797600
433	"5-HT2alpha"	NA	chrNC_037646.1	-	8796100	8797600	8796100	8796397	8797437	8797600
434	"LOC413261"	NA	chrNC_037648.1	+	15065569	15066692	15065569	15065828	15065971	15066692
435	"LOC724634"	NA	chrNC_037638.1	-	6506994	6515716	6506994	6510209	6510272	6515716
436	"LOC552091"	NA	chrNC_037638.1	-	14354057	14354285	14354057	14354102	14354192	14354285
437	"LOC408519"	NA	chrNC_037652.1	+	7464630	7467094	7464630	7466685	7466823	7467094
438	"LOC100578866"	NA	chrNC_037647.1	+	11613843	11614555	11613843	11614146	11614443	11614555
439	"LOC100578866"	NA	chrNC_037647.1	+	11614680	11615872	11614680	11614865	11615000	11615872
440	"LOC100578866"	NA	chrNC_037647.1	+	11614680	11615872	11614680	11614865	11615496	11615872
441	"LOC100578866"	NA	chrNC_037647.1	+	11614680	11615872	11614680	11615290	11615496	11615872
442	"LOC113219245"	NA	chrNC_037638.1	-	7058995	7059507	7058995	7059267	7059360	7059507
443	"LOC725130"	NA	chrNC_037643.1	-	15368066	15368827	15368066	15368530	15368621	15368827
444	"LOC413718"	NA	chrNC_037642.1	+	13117078	13117612	13117078	13117269	13117356	13117612
445	"LOC410999"	NA	chrNC_037641.1	-	11998727	11998912	11998727	11998823	11998901	11998912
446	"LOC552144"	NA	chrNC_037647.1	+	6490746	6490966	6490746	6490807	6490915	6490966
447	"LOC412436"	NA	chrNC_037638.1	-	14203737	14204102	14203737	14203859	14203967	14204102
448	"LOC412436"	NA	chrNC_037638.1	-	14203737	14204102	14203737	14203859	14203990	14204102
449	"LOC102656669"	NA	chrNC_037638.1	+	12579351	12580393	12579351	12579803	12579892	12580393
450	"LOC408507"	NA	chrNC_037652.1	-	8810703	8814187	8810703	8811811	8812326	8814187
451	"LOC408507"	NA	chrNC_037652.1	-	8814905	8815541	8814905	8815033	8815156	8815541
452	"LOC100576277"	NA	chrNC_037642.1	-	11471807	11472643	11471807	11471999	11472405	11472643
453	"LOC100576277"	NA	chrNC_037642.1	-	11473563	11474755	11473563	11473693	11473801	11474755
454	"LOC100576277"	NA	chrNC_037642.1	-	11473563	11474755	11473563	11474409	11474624	11474755
455	"LOC107964955"	NA	chrNC_037646.1	-	11005070	11005787	11005070	11005375	11005452	11005787
456	"LOC100577396"	NA	chrNC_037642.1	-	7209438	7210605	7209438	7209693	7210113	7210605
457	"LOC100577396"	NA	chrNC_037642.1	-	7211503	7211809	7211503	7211545	7211643	7211809
458	"LOC100577396"	NA	chrNC_037642.1	-	7211503	7211963	7211503	7211809	7211879	7211963
459	"LOC411348"	NA	chrNC_037639.1	-	4843787	4846721	4843787	4846523	4846604	4846721
460	"LOC412884"	NA	chrNC_037649.1	-	8622995	8623816	8622995	8623390	8623465	8623816
461	"LOC100578445"	NA	chrNC_037638.1	+	5071924	5072340	5071924	5072130	5072209	5072340
462	"LOC408602"	NA	chrNC_037638.1	+	8528382	8528898	8528382	8528643	8528730	8528898
463	"LOC100577253"	NA	chrNC_037640.1	-	9450531	9454636	9450531	9451825	9451936	9454636
464	"LOC100576224"	NA	chrNC_037652.1	-	8072021	8072352	8072021	8072151	8072215	8072352
465	"LOC100576224"	NA	chrNC_037652.1	-	8074588	8075290	8074588	8074730	8074808	8075290
466	"LOC102656621"	NA	chrNC_037643.1	-	15030253	15030717	15030253	15030514	15030619	15030717
467	"LOC102656621"	NA	chrNC_037643.1	-	15030253	15031140	15030253	15030717	15030783	15031140
468	"LOC409027"	NA	chrNC_037638.1	-	19556838	19559551	19556838	19557649	19557740	19559551
469	"LOC102655536"	NA	chrNC_037648.1	+	2470876	2471653	2470876	2471197	2471440	2471653
470	"LOC408716"	NA	chrNC_037639.1	-	4633632	4637869	4633632	4637566	4637676	4637869
471	"LOC408716"	NA	chrNC_037639.1	-	4638783	4645622	4638783	4641370	4641523	4645622
472	"LOC724973"	NA	chrNC_037641.1	+	12805849	12808206	12805849	12806815	12807652	12808206
473	"LOC724973"	NA	chrNC_037641.1	+	12805849	12808206	12805849	12806815	12808037	12808206
474	"LOC724737"	NA	chrNC_037640.1	-	12612442	12613141	12612442	12612888	12612983	12613141
475	"LOC102653642"	NA	chrNC_037638.1	+	11382754	11383284	11382754	11382867	11383010	11383284
476	"LOC100578458"	NA	chrNC_037638.1	+	5878707	5881090	5878707	5878905	5880388	5881090
477	"LOC100578458"	NA	chrNC_037638.1	+	5878707	5881090	5878707	5878905	5880937	5881090
478	"LOC100578458"	NA	chrNC_037638.1	+	5878707	5881090	5878707	5880846	5880937	5881090
479	"LOC409902"	NA	chrNC_037651.1	-	6828274	6830115	6828274	6828570	6828711	6830115
480	"InR-2"	NA	chrNC_037639.1	+	14590810	14591505	14590810	14591076	14591145	14591505
481	"LOC102654581"	NA	chrNC_037638.1	-	5214218	5214947	5214218	5214568	5214736	5214947
482	"LOC102654581"	NA	chrNC_037638.1	-	5215050	5215605	5215050	5215226	5215292	5215605
483	"LOC725754"	NA	chrNC_037651.1	+	8615446	8616380	8615446	8615539	8615626	8616380
484	"LOC100578799"	NA	chrNC_037642.1	-	10736277	10737162	10736277	10736602	10736694	10737162
485	"LOC100578799"	NA	chrNC_037642.1	-	10739193	10740386	10739193	10739341	10740246	10740386
486	"LOC100578708"	NA	chrNC_037638.1	-	12304997	12305143	12304997	12305037	12305122	12305143
487	"LOC100576132"	NA	chrNC_037638.1	+	24225859	24226614	24225859	24226483	24226557	24226614
488	"LOC100576132"	NA	chrNC_037638.1	+	24226982	24227207	24226982	24227086	24227154	24227207
489	"LOC409099"	NA	chrNC_037648.1	+	15119192	15119532	15119192	15119409	15119493	15119532
490	"LOC102654865"	NA	chrNC_037650.1	+	2553107	2553910	2553107	2553456	2553516	2553910
491	"LOC100578133"	NA	chrNC_037638.1	+	11268739	11269416	11268739	11269130	11269300	11269416
492	"LOC100577254"	NA	chrNC_037638.1	+	6654280	6654836	6654280	6654542	6654619	6654836
493	"LOC100577254"	NA	chrNC_037638.1	+	6654280	6654836	6654280	6654588	6654674	6654836
494	"LOC107966047"	NA	chrNC_037638.1	+	17905651	17906965	17905651	17906030	17906099	17906965
495	"LOC107966102"	NA	chrNC_037639.1	-	9967996	9969202	9967996	9968388	9968996	9969202
496	"LOC100577995"	NA	chrNC_037639.1	-	585993	586488	585993	586091	586203	586488
497	"LOC107965072"	NA	chrNC_037647.1	-	2856623	2858802	2856623	2857615	2857699	2858802
498	"LOC102654521"	NA	chrNC_037645.1	-	8504872	8505241	8504872	8504966	8505072	8505241
499	"LOC102654521"	NA	chrNC_037645.1	-	8505554	8507267	8505554	8505996	8506809	8507267
500	"LOC102654521"	NA	chrNC_037645.1	-	8505554	8507267	8505554	8505996	8507073	8507267
501	"LOC551460"	NA	chrNC_037643.1	-	17147602	17148450	17147602	17147707	17147820	17148450
502	"LOC408579"	NA	chrNC_037638.1	+	18886735	18888709	18886735	18886891	18886962	18888709
503	"LOC726298"	NA	chrNC_037638.1	-	5148613	5149464	5148613	5148811	5148937	5149464
504	"LOC408577"	NA	chrNC_037638.1	+	18905286	18909802	18905286	18906260	18906357	18909802
505	"LOC408577"	NA	chrNC_037638.1	+	18905286	18909802	18905286	18906260	18909692	18909802
506	"LOC551731"	NA	chrNC_037638.1	-	19299528	19299912	19299528	19299729	19299799	19299912
507	"LOC413087"	NA	chrNC_037648.1	+	15866102	15866691	15866102	15866295	15866367	15866691
508	"LOC725044"	NA	chrNC_037638.1	-	24236389	24236729	24236389	24236637	24236716	24236729
509	"LOC725044"	NA	chrNC_037638.1	-	24236389	24236729	24236389	24236637	24236720	24236729
510	"LOC410408"	NA	chrNC_037650.1	+	2812984	2813800	2812984	2813402	2813474	2813800
511	"LOC102654428"	NA	chrNC_037647.1	+	10798315	10799024	10798315	10798374	10798478	10799024
512	"LOC410178"	NA	chrNC_037647.1	-	11695721	11697714	11695721	11696858	11697146	11697714
513	"LOC410278"	NA	chrNC_037648.1	+	16154157	16154795	16154157	16154563	16154664	16154795
514	"LOC102653613"	NA	chrNC_037643.1	-	14211099	14213224	14211099	14211975	14212085	14213224
515	"LOC102653613"	NA	chrNC_037643.1	-	14214772	14214987	14214772	14214812	14214950	14214987
516	"LOC102653613"	NA	chrNC_037643.1	-	14218525	14218751	14218525	14218634	14218707	14218751
517	"LOC100576896"	NA	chrNC_037639.1	-	2019675	2020760	2019675	2019801	2019964	2020760
518	"LOC100576896"	NA	chrNC_037639.1	-	2019675	2020760	2019675	2019801	2020520	2020760
519	"LOC100576896"	NA	chrNC_037639.1	-	2019675	2020760	2019675	2020155	2020520	2020760
520	"LOC100576896"	NA	chrNC_037639.1	-	2019675	2020760	2019675	2020303	2020520	2020760
521	"LOC551428"	NA	chrNC_037651.1	+	5996971	5997320	5996971	5997094	5997282	5997320
522	"LOC409836"	NA	chrNC_037645.1	-	2319448	2320252	2319448	2319853	2319936	2320252
523	"LOC409836"	NA	chrNC_037645.1	-	2332215	2333362	2332215	2332682	2332751	2333362
524	"LOC102653921"	NA	chrNC_037642.1	-	6528342	6528847	6528342	6528538	6528622	6528847
525	"LOC408669"	NA	chrNC_037639.1	-	13880760	13881157	13880760	13880944	13881007	13881157
526	"LOC102654823"	NA	chrNC_037640.1	-	3273715	3274665	3273715	3273889	3274199	3274665
527	"LOC413328"	NA	chrNC_037643.1	-	5392476	5393234	5392476	5392630	5392714	5393234
528	"LOC102654429"	NA	chrNC_037642.1	-	9726600	9733280	9726600	9730300	9730799	9733280
529	"LOC102654429"	NA	chrNC_037642.1	-	9726600	9733280	9726600	9732030	9732427	9733280
530	"LOC102654429"	NA	chrNC_037642.1	-	9734946	9737393	9734946	9735185	9736434	9737393
531	"LOC107965037"	NA	chrNC_037647.1	+	10084678	10086209	10084678	10084881	10085296	10086209
532	"LOC102656297"	NA	chrNC_037642.1	+	9874159	9875768	9874159	9875415	9875519	9875768
533	"LOC102656297"	NA	chrNC_037642.1	+	9875876	9876599	9875876	9876036	9876362	9876599
534	"LOC408676"	NA	chrNC_037639.1	+	14678465	14679323	14678465	14678685	14678757	14679323
535	"LOC102655185"	NA	chrNC_037638.1	-	3212400	3216215	3212400	3214765	3214942	3216215
536	"LOC102655185"	NA	chrNC_037638.1	-	3212400	3216215	3212400	3214852	3214942	3216215
537	"LOC102655185"	NA	chrNC_037638.1	-	3212400	3216215	3212400	3214897	3214942	3216215
538	"LOC113218951"	NA	chrNC_037645.1	+	7117921	7119245	7117921	7119015	7119169	7119245
539	"LOC552185"	NA	chrNC_037638.1	+	25111179	25111659	25111179	25111383	25111460	25111659
540	"LOC107963976"	NA	chrNC_037644.1	-	1639891	1641142	1639891	1640849	1640958	1641142
541	"LOC107963976"	NA	chrNC_037644.1	-	1641330	1644004	1641330	1643265	1643507	1644004
542	"LOC725485"	NA	chrNC_037645.1	-	12674586	12674821	12674586	12674637	12674724	12674821
543	"LOC102654089"	NA	chrNC_037647.1	+	9915246	9918471	9915246	9915550	9915626	9918471
544	"LOC102654089"	NA	chrNC_037647.1	+	9915246	9915782	9915246	9915550	9915649	9915782
545	"LOC102654089"	NA	chrNC_037647.1	+	9915246	9918471	9915246	9915583	9915649	9918471
546	"LOC102654089"	NA	chrNC_037647.1	+	9915246	9918471	9915246	9915782	9915875	9918471
547	"LOC102654089"	NA	chrNC_037647.1	+	9915246	9918471	9915246	9915782	9915961	9918471
548	"LOC102653946"	NA	chrNC_037641.1	-	3328905	3329360	3328905	3329064	3329178	3329360
549	"LOC551903"	NA	chrNC_037642.1	-	9494853	9495109	9494853	9494978	9495095	9495109
550	"LOC726572"	NA	chrNC_037645.1	-	1915981	1917079	1915981	1916673	1916745	1917079
551	"LOC726572"	NA	chrNC_037645.1	-	1915981	1917079	1915981	1916673	1916928	1917079
552	"LOC725795"	NA	chrNC_037642.1	+	7475246	7478073	7475246	7475561	7476552	7478073
553	"LOC102655619"	NA	chrNC_037653.1	-	4717760	4718937	4717760	4717953	4718130	4718937
554	"LOC107965445"	NA	chrNC_037638.1	-	25994609	25998221	25994609	25996605	25996681	25998221
555	"LOC107965445"	NA	chrNC_037638.1	-	25994609	25998221	25994609	25996761	25996865	25998221
556	"LOC107965445"	NA	chrNC_037638.1	-	25994609	25998221	25994609	25996761	25997025	25998221
557	"LOC107965445"	NA	chrNC_037638.1	-	25994609	25998221	25994609	25996945	25997025	25998221
558	"LOC725098"	NA	chrNC_037642.1	-	397486	397828	397486	397627	397750	397828
559	"LOC412148"	NA	chrNC_037649.1	-	2263826	2264070	2263826	2263947	2264019	2264070
560	"LOC411892"	NA	chrNC_037642.1	+	6589334	6591148	6589334	6589518	6589626	6591148
561	"LOC725290"	NA	chrNC_037650.1	+	3743234	3744266	3743234	3744009	3744083	3744266
562	"LOC725290"	NA	chrNC_037650.1	+	3754440	3754891	3754440	3754729	3754812	3754891
563	"LOC413473"	NA	chrNC_037643.1	-	16669427	16670182	16669427	16669818	16669978	16670182
564	"LOC551632"	NA	chrNC_037639.1	-	29869	30167	29869	30043	30143	30167
565	"LOC724460"	NA	chrNC_037648.1	+	14521801	14523101	14521801	14521977	14522064	14523101
566	"LOC724460"	NA	chrNC_037648.1	+	14525784	14527701	14525784	14526730	14527442	14527701
567	"LOC107964138"	NA	chrNC_037640.1	+	11739057	11740663	11739057	11739524	11740300	11740663
568	"LOC551688"	NA	chrNC_037639.1	-	15306140	15306571	15306140	15306391	15306447	15306571
569	"LOC551688"	NA	chrNC_037639.1	-	15306663	15310257	15306663	15306812	15306885	15310257
570	"LOC551688"	NA	chrNC_037639.1	-	15306663	15310257	15306663	15306812	15310032	15310257
571	"LOC551688"	NA	chrNC_037639.1	-	15306663	15310257	15306663	15309861	15310032	15310257
572	"LOC727119"	NA	chrNC_037639.1	-	2316064	2316436	2316064	2316132	2316275	2316436
573	"LOC100576610"	NA	chrNC_037646.1	-	11993299	11994208	11993299	11993840	11993933	11994208
574	"LOC552202"	NA	chrNC_037639.1	+	2386146	2386472	2386146	2386227	2386380	2386472
575	"LOC100576473"	NA	chrNC_037638.1	-	12542452	12542689	12542452	12542550	12542643	12542689
576	"LOC413955"	NA	chrNC_037639.1	+	6948983	6949241	6948983	6949074	6949153	6949241
577	"LOC413955"	NA	chrNC_037639.1	+	6949798	6950356	6949798	6949907	6949990	6950356
578	"LOC100577147"	NA	chrNC_037640.1	+	2286298	2287824	2286298	2286349	2286501	2287824
579	"LOC100578885"	NA	chrNC_037639.1	-	4613799	4616454	4613799	4614006	4614408	4616454
580	"LOC100578885"	NA	chrNC_037639.1	-	4613799	4616454	4613799	4614277	4614408	4616454
581	"LOC100578885"	NA	chrNC_037639.1	-	4613799	4616454	4613799	4614006	4615135	4616454
582	"LOC100578885"	NA	chrNC_037639.1	-	4613799	4616454	4613799	4614006	4615144	4616454
583	"LOC102655966"	NA	chrNC_037641.1	-	4697943	4700021	4697943	4698570	4698955	4700021
584	"LOC100578420"	NA	chrNC_037639.1	+	5377586	5379527	5377586	5379368	5379457	5379527
585	"LOC102656534"	NA	chrNC_037643.1	-	13332541	13332971	13332541	13332647	13332723	13332971
586	"LOC408924"	NA	chrNC_037644.1	+	11054080	11054532	11054080	11054386	11054451	11054532
587	"LOC100577822"	NA	chrNC_037638.1	+	4956305	4957823	4956305	4956550	4957349	4957823
588	"LOC100577822"	NA	chrNC_037638.1	+	4956305	4957823	4956305	4957244	4957349	4957823
589	"LOC100577822"	NA	chrNC_037638.1	+	4956305	4957823	4956305	4957529	4957649	4957823
590	"LOC100577822"	NA	chrNC_037638.1	+	4956305	4957823	4956305	4957536	4957649	4957823
591	"LOC102655032"	NA	chrNC_037638.1	-	6334507	6335176	6334507	6334754	6334941	6335176
592	"LOC100576850"	NA	chrNC_037641.1	+	10314	10489	10314	10384	10453	10489
593	"LOC102655434"	NA	chrNC_037639.1	+	9995029	9995362	9995029	9995140	9995206	9995362
594	"LOC410226"	NA	chrNC_037647.1	+	6379201	6380309	6379201	6380127	6380252	6380309
595	"LOC725891"	NA	chrNC_037639.1	+	6865061	6865538	6865061	6865226	6865342	6865538
596	"LOC408620"	NA	chrNC_037638.1	-	4394643	4395059	4394643	4394744	4394819	4395059
597	"LOC100576603"	NA	chrNC_037642.1	+	3043401	3044893	3043401	3043845	3044831	3044893
598	"LOC100578907"	NA	chrNC_037638.1	-	6594832	6596091	6594832	6595798	6595966	6596091
599	"LOC409565"	NA	chrNC_037645.1	+	2034601	2034855	2034601	2034747	2034807	2034855
600	"LOC100578349"	NA	chrNC_037640.1	-	1377359	1378098	1377359	1377817	1377887	1378098
601	"LOC100577715"	NA	chrNC_037639.1	+	10021314	10021647	10021314	10021425	10021491	10021647
602	"LOC100577715"	NA	chrNC_037639.1	+	10021314	10022150	10021314	10021647	10021725	10022150
603	"LOC102655337"	NA	chrNC_037644.1	-	10971105	10972268	10971105	10971160	10971251	10972268
604	"LOC102655337"	NA	chrNC_037644.1	-	10974141	10975952	10974141	10975439	10975546	10975952
605	"LOC102656828"	NA	chrNC_037638.1	+	4199462	4201344	4199462	4200022	4200089	4201344
606	"LOC724502"	NA	chrNC_037648.1	-	14563934	14564226	14563934	14564081	14564169	14564226
607	"LOC100576417"	NA	chrNC_037647.1	-	3422278	3422777	3422278	3422406	3422467	3422777
608	"LOC100576417"	NA	chrNC_037647.1	-	3423536	3424817	3423536	3424515	3424701	3424817
609	"NLG-5"	NA	chrNC_037646.1	+	7168674	7170679	7168674	7169909	7170445	7170679
610	"LOC413303"	NA	chrNC_037638.1	+	4803878	4804716	4803878	4804498	4804654	4804716
611	"LOC107966085"	NA	chrNC_037639.1	-	11774240	11774841	11774240	11774576	11774663	11774841
612	"LOC551324"	NA	chrNC_037648.1	+	10419751	10419967	10419751	10419778	10419856	10419967
613	"LOC102654365"	NA	chrNC_037638.1	+	9117911	9118147	9117911	9117968	9118058	9118147
614	"LOC552265"	NA	chrNC_037649.1	+	7874097	7874966	7874097	7874741	7874850	7874966
615	"LOC552265"	NA	chrNC_037649.1	+	7899070	7899992	7899070	7899633	7899729	7899992
616	"LOC552265"	NA	chrNC_037649.1	+	7899070	7899992	7899070	7899633	7899732	7899992
617	"LOC100578353"	NA	chrNC_037640.1	+	2815438	2817137	2815438	2816661	2816745	2817137
618	"LOC410748"	NA	chrNC_037638.1	-	6937155	6938198	6937155	6937759	6937876	6938198
619	"LOC410748"	NA	chrNC_037638.1	-	6937155	6938198	6937155	6937759	6937890	6938198
620	"LOC410748"	NA	chrNC_037638.1	-	6938466	6939391	6938466	6938548	6938826	6939391
621	"LOC726393"	NA	chrNC_037639.1	-	13703372	13704541	13703372	13703710	13703835	13704541
622	"LOC102656644"	NA	chrNC_037638.1	-	2013421	2013908	2013421	2013584	2013680	2013908
623	"LOC102656644"	NA	chrNC_037638.1	-	2015132	2016927	2015132	2015274	2015356	2016927
624	"LOC726280"	NA	chrNC_037639.1	-	14819580	14821900	14819580	14821386	14821479	14821900
625	"LOC551780"	NA	chrNC_037645.1	+	2814752	2815093	2814752	2814911	2814988	2815093
626	"LOC551780"	NA	chrNC_037645.1	+	2814752	2815131	2814752	2814905	2814988	2815131
627	"LOC412430"	NA	chrNC_037652.1	-	1870916	1871215	1870916	1870993	1871146	1871215
628	"LOC725770"	NA	chrNC_037643.1	+	7114215	7114410	7114215	7114229	7114301	7114410
629	"LOC413930"	NA	chrNC_037642.1	+	2993270	2993749	2993270	2993336	2993410	2993749
630	"LOC113218848"	NA	chrNC_037643.1	-	7665065	7665546	7665065	7665339	7665454	7665546
631	"LOC724240"	NA	chrNC_037638.1	-	26180171	26182036	26180171	26180554	26180628	26182036
632	"LOC100578777"	NA	chrNC_037643.1	+	8385909	8387592	8385909	8386052	8386117	8387592
633	"LOC100578461"	NA	chrNC_037643.1	+	8582829	8584035	8582829	8583196	8583770	8584035
634	"LOC410549"	NA	chrNC_037651.1	+	9429137	9429540	9429137	9429303	9429399	9429540
635	"LOC408298"	NA	chrNC_037647.1	+	8729942	8731247	8729942	8730921	8731000	8731247
636	"LOC102654087"	NA	chrNC_037643.1	+	8972387	8974207	8972387	8972661	8972749	8974207
637	"LOC100576703"	NA	chrNC_037643.1	-	9016423	9017658	9016423	9016600	9016722	9017658
638	"LOC100576703"	NA	chrNC_037643.1	-	9016423	9017658	9016423	9016955	9017170	9017658
639	"LOC100576703"	NA	chrNC_037643.1	-	9016423	9017658	9016423	9016955	9017235	9017658
640	"LOC102654579"	NA	chrNC_037646.1	+	5197262	5200650	5197262	5197884	5197945	5200650
641	"LOC102654579"	NA	chrNC_037646.1	+	5201575	5204319	5201575	5201722	5201830	5204319
642	"LOC409429"	NA	chrNC_037651.1	-	5039466	5039819	5039466	5039579	5039651	5039819
643	"LOC408845"	NA	chrNC_037642.1	+	10451196	10451531	10451196	10451222	10451276	10451531
644	"LOC410234"	NA	chrNC_037647.1	-	7041801	7042529	7041801	7042122	7042294	7042529
645	"LOC113218838"	NA	chrNC_037643.1	-	11938923	11939660	11938923	11939460	11939557	11939660
646	"LOC551188"	NA	chrNC_037643.1	+	12928166	12928660	12928166	12928328	12928442	12928660
647	"LOC411154"	NA	chrNC_037643.1	+	12963965	12964421	12963965	12964077	12964204	12964421
648	"LOC100578875"	NA	chrNC_037643.1	-	13028668	13029518	13028668	13028908	13029282	13029518
649	"LOC100578875"	NA	chrNC_037643.1	-	13028668	13029518	13028668	13028944	13029282	13029518
650	"LOC102656723"	NA	chrNC_037643.1	+	8480568	8481369	8480568	8481054	8481137	8481369
651	"LOC102656723"	NA	chrNC_037643.1	+	8481733	8483570	8481733	8482067	8482179	8483570
652	"LOC102656723"	NA	chrNC_037643.1	+	8481733	8483570	8481733	8482324	8482477	8483570
653	"LOC100577496"	NA	chrNC_037639.1	-	11814277	11815216	11814277	11814771	11814933	11815216
654	"LOC550824"	NA	chrNC_037643.1	+	13270294	13271177	13270294	13270408	13270631	13271177
655	"LOC408957"	NA	chrNC_037645.1	+	2746305	2751150	2746305	2746643	2747319	2751150
656	"LOC408957"	NA	chrNC_037645.1	+	2746305	2751150	2746305	2747246	2747319	2751150
657	"LOC551261"	NA	chrNC_037645.1	-	6403148	6404309	6403148	6403502	6404049	6404309
658	"LOC724349"	NA	chrNC_037642.1	+	8538801	8540586	8538801	8540201	8540362	8540586
659	"LOC725970"	NA	chrNC_037646.1	+	10994525	10994769	10994525	10994616	10994685	10994769
660	"LOC725970"	NA	chrNC_037646.1	+	10994525	10994769	10994525	10994616	10994688	10994769
661	"LOC100576661"	NA	chrNC_037643.1	+	14313749	14314613	14313749	14314252	14314355	14314613
662	"LOC100576661"	NA	chrNC_037643.1	+	14313749	14314613	14313749	14314303	14314355	14314613
663	"LOC100577781"	NA	chrNC_037644.1	-	2372088	2372647	2372088	2372250	2372339	2372647
664	"LOC100577781"	NA	chrNC_037644.1	-	2372770	2374027	2372770	2373011	2373081	2374027
665	"LOC551831"	NA	chrNC_037642.1	+	12046974	12047249	12046974	12047019	12047145	12047249
666	"LOC102656753"	NA	chrNC_037643.1	-	15277742	15280287	15277742	15277909	15278066	15280287
667	"For"	NA	chrNC_037650.1	-	10110270	10110417	10110270	10110289	10110290	10110417
668	"LOC102654831"	NA	chrNC_037646.1	-	12211173	12211551	12211173	12211276	12211399	12211551
669	"LOC107965926"	NA	chrNC_037643.1	-	15583250	15583789	15583250	15583554	15583621	15583789
670	"LOC552357"	NA	chrNC_037642.1	+	8388442	8388948	8388442	8388623	8388701	8388948
671	"LOC552357"	NA	chrNC_037642.1	+	8388442	8388948	8388442	8388623	8388737	8388948
672	"LOC107964673"	NA	chrNC_037643.1	+	16029966	16030974	16029966	16030159	16030408	16030974
673	"LOC107964673"	NA	chrNC_037643.1	+	16029966	16030974	16029966	16030159	16030561	16030974
674	"Eif4g"	NA	chrNC_037643.1	+	16317085	16317594	16317085	16317245	16317329	16317594
675	"LOC409539"	NA	chrNC_037649.1	-	1406563	1409105	1406563	1407802	1407877	1409105
676	"LOC409539"	NA	chrNC_037649.1	-	1406563	1409105	1406563	1407877	1408027	1409105
677	"LOC409539"	NA	chrNC_037649.1	-	1406563	1409105	1406563	1407952	1408027	1409105
678	"LOC551928"	NA	chrNC_037645.1	-	7770804	7771434	7770804	7770936	7771192	7771434
679	"LOC113218880"	NA	chrNC_037643.1	+	16672767	16673745	16672767	16673507	16673714	16673745
680	"LOC100578882"	NA	chrNC_037638.1	+	22358152	22360650	22358152	22358403	22359186	22360650
681	"LOC100578882"	NA	chrNC_037638.1	+	22358152	22360650	22358152	22358403	22359696	22360650
682	"LOC100578882"	NA	chrNC_037638.1	+	22358152	22360650	22358152	22358403	22360402	22360650
683	"LOC100578882"	NA	chrNC_037638.1	+	22359696	22360650	22359696	22359801	22360402	22360650
684	"LOC550732"	NA	chrNC_037650.1	+	9110585	9111347	9110585	9111017	9111117	9111347
685	"LOC100579061"	NA	chrNC_037643.1	-	16780229	16781263	16780229	16780807	16780990	16781263
686	"LOC409467"	NA	chrNC_037653.1	-	878111	879458	878111	879174	879262	879458
687	"LOC408354"	NA	chrNC_037648.1	+	12494290	12496655	12494290	12494860	12494938	12496655
688	"LOC408354"	NA	chrNC_037648.1	+	12494290	12496655	12494290	12494860	12494941	12496655
689	"LOC408354"	NA	chrNC_037648.1	+	12494290	12496655	12494290	12495595	12495667	12496655
690	"LOC552604"	NA	chrNC_037643.1	-	16939419	16940063	16939419	16939582	16939688	16940063
691	"LOC410323"	NA	chrNC_037648.1	-	12160581	12161832	12160581	12161587	12161659	12161832
692	"LOC726163"	NA	chrNC_037643.1	-	17078109	17078755	17078109	17078459	17078606	17078755
693	"LOC100577772"	NA	chrNC_037647.1	-	2144460	2146277	2144460	2146093	2146211	2146277
694	"LOC100577772"	NA	chrNC_037647.1	-	2144460	2148096	2144460	2146986	2147056	2148096
695	"LOC100577772"	NA	chrNC_037647.1	-	2146211	2148096	2146211	2146277	2148017	2148096
696	"LOC100577772"	NA	chrNC_037647.1	-	2155557	2163607	2155557	2157123	2157336	2163607
697	"LOC100577772"	NA	chrNC_037647.1	-	2163613	2164764	2163613	2164106	2164454	2164764
698	"LOC411361"	NA	chrNC_037649.1	+	8021261	8022306	8021261	8022184	8022254	8022306
699	"LOC102653847"	NA	chrNC_037644.1	-	1293049	1294362	1293049	1293623	1293690	1294362
700	"LOC102653847"	NA	chrNC_037644.1	-	1294936	1295620	1294936	1295305	1295366	1295620
701	"LOC100576423"	NA	chrNC_037647.1	-	11404385	11404750	11404385	11404470	11404559	11404750
702	"LOC100578035"	NA	chrNC_037653.1	-	4902246	4902423	4902246	4902288	4902370	4902423
703	"LOC413410"	NA	chrNC_037644.1	-	1489968	1491231	1489968	1491039	1491180	1491231
704	"LOC102656682"	NA	chrNC_037652.1	+	8010033	8010452	8010033	8010224	8010423	8010452
705	"LOC100577827"	NA	chrNC_037639.1	-	10728121	10738248	10728121	10736684	10738008	10738248
706	"LOC107964069"	NA	chrNC_037639.1	-	6107119	6108079	6107119	6107363	6107688	6108079
707	"LOC102656548"	NA	chrNC_037644.1	-	2970359	2970748	2970359	2970530	2970659	2970748
708	"LOC410140"	NA	chrNC_037644.1	+	3491879	3493372	3491879	3492730	3492924	3493372
709	"LOC410140"	NA	chrNC_037644.1	+	3491879	3493372	3491879	3492848	3492924	3493372
710	"LOC725406"	NA	chrNC_037644.1	-	5041782	5042578	5041782	5042068	5042337	5042578
711	"LOC725406"	NA	chrNC_037644.1	-	5041782	5042578	5041782	5042068	5042377	5042578
712	"LOC100579011"	NA	chrNC_037639.1	+	2504788	2505065	2504788	2504888	2504963	2505065
713	"LOC100576606"	NA	chrNC_037644.1	+	7832519	7834665	7832519	7832748	7832853	7834665
714	"LOC100576606"	NA	chrNC_037644.1	+	7832519	7834665	7832519	7832748	7832856	7834665
715	"LOC550818"	NA	chrNC_037644.1	+	7962238	7963988	7962238	7962520	7962649	7963988
716	"LOC724214"	NA	chrNC_037640.1	-	9843323	9843758	9843323	9843425	9843521	9843758
717	"LOC724214"	NA	chrNC_037640.1	-	9843323	9843758	9843323	9843428	9843521	9843758
718	"LOC100578388"	NA	chrNC_037648.1	-	16002589	16005787	16002589	16005493	16005577	16005787
719	"LOC412056"	NA	chrNC_037653.1	+	7192242	7192832	7192242	7192560	7192648	7192832
720	"LOC100576504"	NA	chrNC_037646.1	+	11211753	11215137	11211753	11213728	11213797	11215137
721	"LOC413123"	NA	chrNC_037649.1	-	5206056	5206259	5206056	5206089	5206149	5206259
722	"LOC551432"	NA	chrNC_037645.1	-	1272931	1274537	1272931	1274249	1274314	1274537
723	"LOC413925"	NA	chrNC_037647.1	+	10685085	10688886	10685085	10687122	10687194	10688886
724	"LOC551879"	NA	chrNC_037644.1	+	10547811	10548271	10547811	10547971	10548076	10548271
725	"LOC411980"	NA	chrNC_037643.1	-	1656208	1656650	1656208	1656374	1656443	1656650
726	"LOC724749"	NA	chrNC_037644.1	+	10986619	10987375	10986619	10986901	10987159	10987375
727	"LOC413388"	NA	chrNC_037640.1	+	2370021	2370251	2370021	2370072	2370147	2370251
728	"LOC413153"	NA	chrNC_037644.1	+	2079243	2080106	2079243	2079377	2079484	2080106
729	"LOC100578540"	NA	chrNC_037648.1	-	13527379	13527903	13527379	13527720	13527794	13527903
730	"LOC102655868"	NA	chrNC_037644.1	-	12195500	12196358	12195500	12195886	12195962	12196358
731	"LOC102655868"	NA	chrNC_037644.1	-	12196438	12197073	12196438	12196697	12196786	12197073
732	"LOC102655868"	NA	chrNC_037644.1	-	12196438	12197073	12196438	12196697	12196850	12197073
733	"LOC102655868"	NA	chrNC_037644.1	-	12196438	12197073	12196438	12196697	12197009	12197073
734	"LOC409274"	NA	chrNC_037644.1	-	12287389	12287942	12287389	12287758	12287835	12287942
735	"LOC726771"	NA	chrNC_037648.1	+	15499604	15499986	15499604	15499816	15499913	15499986
736	"LOC409045"	NA	chrNC_037644.1	-	12756036	12756717	12756036	12756413	12756519	12756717
737	"LOC100577159"	NA	chrNC_037644.1	-	12995070	12996976	12995070	12995320	12995462	12996976
738	"LOC100577018"	NA	chrNC_037644.1	-	13333493	13334263	13333493	13333650	13333744	13334263
739	"LOC408677"	NA	chrNC_037639.1	-	14687040	14696418	14687040	14696139	14696325	14696418
740	"LOC408677"	NA	chrNC_037639.1	-	14687040	14697533	14687040	14696418	14696697	14697533
741	"LOC408677"	NA	chrNC_037639.1	-	14687040	14697533	14687040	14696426	14697170	14697533
742	"LOC408677"	NA	chrNC_037639.1	-	14687040	14697533	14687040	14696519	14697170	14697533
743	"LOC411696"	NA	chrNC_037644.1	-	13471505	13471994	13471505	13471738	13471801	13471994
744	"LOC551804"	NA	chrNC_037644.1	+	13553057	13554409	13553057	13553255	13553409	13554409
745	"Dnmt1a"	NA	chrNC_037647.1	+	12034474	12034838	12034474	12034633	12034794	12034838
746	"LOC724706"	NA	chrNC_037644.1	+	13740187	13741314	13740187	13740681	13741215	13741314
747	"LOC408903"	NA	chrNC_037644.1	-	13767347	13768358	13767347	13767535	13767932	13768358
748	"LOC100578269"	NA	chrNC_037644.1	-	13794068	13794625	13794068	13794278	13794438	13794625
749	"LOC725482"	NA	chrNC_037644.1	+	13940440	13940963	13940440	13940779	13940845	13940963
750	"LOC413616"	NA	chrNC_037645.1	-	288272	289186	288272	288348	288845	289186
751	"LOC552003"	NA	chrNC_037645.1	-	7758764	7759223	7758764	7758905	7758982	7759223
752	"LOC552003"	NA	chrNC_037645.1	-	7758764	7759223	7758764	7758905	7758987	7759223
753	"LOC411238"	NA	chrNC_037645.1	-	847597	848250	847597	847909	848007	848250
754	"LOC100576381"	NA	chrNC_037645.1	-	1328943	1329977	1328943	1329608	1329755	1329977
755	"LOC113218918"	NA	chrNC_037645.1	-	1447727	1449032	1447727	1448087	1448165	1449032
756	"LOC552710"	NA	chrNC_037645.1	+	1575127	1575540	1575127	1575254	1575311	1575540
757	"LOC411693"	NA	chrNC_037645.1	+	1625750	1626115	1625750	1625870	1625938	1626115
758	"LOC107964632"	NA	chrNC_037643.1	+	15064840	15065299	15064840	15065014	15065088	15065299
759	"LOC726339"	NA	chrNC_037645.1	+	6990560	6995924	6990560	6994352	6994502	6995924
760	"LOC100578558"	NA	chrNC_037653.1	-	3918490	3919733	3918490	3918779	3918854	3919733
761	"LOC100578558"	NA	chrNC_037653.1	-	3918490	3919733	3918490	3919091	3919210	3919733
762	"LOC726504"	NA	chrNC_037645.1	+	1903998	1904768	1903998	1904562	1904619	1904768
763	"LOC410107"	NA	chrNC_037645.1	-	1923983	1924710	1923983	1924425	1924587	1924710
764	"LOC724205"	NA	chrNC_037650.1	-	4510290	4511062	4510290	4510676	4510756	4511062
765	"LOC102654776"	NA	chrNC_037643.1	-	8840277	8842599	8840277	8842240	8842323	8842599
766	"LOC727649"	NA	chrNC_037645.1	-	2279166	2279896	2279166	2279571	2279688	2279896
767	"LOC413029"	NA	chrNC_037645.1	+	2486896	2487457	2486896	2487269	2487343	2487457
768	"LOC100576968"	NA	chrNC_037645.1	-	2252970	2253389	2252970	2253077	2253179	2253389
769	"LOC725331"	NA	chrNC_037645.1	+	2836802	2837865	2836802	2837650	2837766	2837865
770	"LOC107964820"	NA	chrNC_037645.1	+	3237268	3238183	3237268	3237526	3237616	3238183
771	"LOC100578593"	NA	chrNC_037643.1	-	5273671	5274217	5273671	5274109	5274174	5274217
772	"LOC100576478"	NA	chrNC_037645.1	+	3603215	3607836	3603215	3603393	3603532	3607836
773	"LOC100576478"	NA	chrNC_037645.1	+	3603215	3607623	3603215	3607468	3607553	3607623
774	"LOC100576478"	NA	chrNC_037645.1	+	3607553	3608801	3607553	3607623	3607752	3608801
775	"LOC102655053"	NA	chrNC_037645.1	-	3646402	3646721	3646402	3646508	3646593	3646721
776	"LOC552177"	NA	chrNC_037645.1	-	3741158	3741441	3741158	3741234	3741312	3741441
777	"LOC409646"	NA	chrNC_037638.1	-	11856138	11856479	11856138	11856241	11856334	11856479
778	"LOC409646"	NA	chrNC_037638.1	-	11856138	11856479	11856138	11856262	11856334	11856479
779	"LOC411248"	NA	chrNC_037645.1	+	5059544	5061059	5059544	5059767	5060724	5061059
780	"LOC411248"	NA	chrNC_037645.1	+	5059544	5061059	5059544	5060048	5060724	5061059
781	"LOC413030"	NA	chrNC_037646.1	+	6550529	6551324	6550529	6551135	6551202	6551324
782	"LOC408839"	NA	chrNC_037642.1	-	9811562	9812925	9811562	9812360	9812432	9812925
783	"LOC408963"	NA	chrNC_037645.1	-	5890230	5891095	5890230	5890536	5890769	5891095
784	"LOC551506"	NA	chrNC_037653.1	+	4180293	4183279	4180293	4181074	4182116	4183279
785	"LOC100576876"	NA	chrNC_037646.1	-	6431598	6435924	6431598	6431877	6431944	6435924
786	"LOC100576876"	NA	chrNC_037646.1	-	6431598	6435924	6431598	6431877	6432160	6435924
787	"LOC725837"	NA	chrNC_037645.1	-	6612303	6612522	6612303	6612385	6612463	6612522
788	"LOC409435"	NA	chrNC_037645.1	-	6447518	6448089	6447518	6447675	6447801	6448089
789	"LOC409454"	NA	chrNC_037645.1	+	6637658	6638606	6637658	6637806	6638057	6638606
790	"LOC102656608"	NA	chrNC_037643.1	+	7810948	7814287	7810948	7812871	7814154	7814287
791	"LOC102655699"	NA	chrNC_037645.1	-	7629379	7630579	7629379	7630204	7630330	7630579
792	"LOC102655699"	NA	chrNC_037645.1	-	7629379	7632658	7629379	7630579	7630674	7632658
793	"LOC102655699"	NA	chrNC_037645.1	-	7633291	7633741	7633291	7633302	7633359	7633741
794	"LOC102655699"	NA	chrNC_037645.1	-	7633291	7633741	7633291	7633302	7633394	7633741
795	"LOC412080"	NA	chrNC_037645.1	-	7784535	7785287	7784535	7784741	7784850	7785287
796	"LOC412080"	NA	chrNC_037645.1	-	7784535	7785287	7784535	7784744	7784850	7785287
797	"LOC113218827"	NA	chrNC_037643.1	-	13374363	13375893	13374363	13374683	13374826	13375893
798	"LOC113218827"	NA	chrNC_037643.1	-	13374363	13375893	13374363	13375019	13375087	13375893
799	"LOC102654761"	NA	chrNC_037645.1	+	7835704	7836469	7835704	7835808	7835880	7836469
800	"LOC726546"	NA	chrNC_037647.1	+	10952573	10953014	10952573	10952727	10952890	10953014
801	"LOC113218603"	NA	chrNC_037639.1	-	10022914	10023314	10022914	10023120	10023192	10023314
802	"LOC408970"	NA	chrNC_037645.1	-	8305601	8305918	8305601	8305790	8305880	8305918
803	"LOC102654625"	NA	chrNC_037645.1	-	8491377	8491735	8491377	8491521	8491598	8491735
804	"LOC102654625"	NA	chrNC_037645.1	-	8491377	8491735	8491377	8491547	8491598	8491735
805	"LOC724508"	NA	chrNC_037639.1	+	12463685	12465074	12463685	12463751	12463832	12465074
806	"LOC100578253"	NA	chrNC_037645.1	+	8981704	8984028	8981704	8981830	8981962	8984028
807	"LOC408292"	NA	chrNC_037647.1	-	9372087	9372610	9372087	9372278	9372386	9372610
808	"LOC100578016"	NA	chrNC_037638.1	+	11241784	11242147	11241784	11241918	11241979	11242147
809	"LOC408973"	NA	chrNC_037645.1	-	9763947	9764582	9763947	9764223	9764406	9764582
810	"LOC113219073"	NA	chrNC_037648.1	+	1171927	1174114	1171927	1172123	1172185	1174114
811	"LOC724979"	NA	chrNC_037645.1	-	11630360	11631288	11630360	11630533	11630791	11631288
812	"LOC551263"	NA	chrNC_037645.1	+	11667285	11668404	11667285	11667699	11667777	11668404
813	"LOC411597"	NA	chrNC_037645.1	+	7317962	7318820	7317962	7318166	7318356	7318820
814	"LOC727634"	NA	chrNC_037645.1	-	11728859	11729107	11728859	11729017	11729095	11729107
815	"LOC412398"	NA	chrNC_037645.1	-	11758942	11759201	11758942	11759084	11759147	11759201
816	"LOC409238"	NA	chrNC_037638.1	+	14246008	14246810	14246008	14246156	14246276	14246810
817	"LOC409238"	NA	chrNC_037638.1	+	14246008	14246810	14246008	14246198	14246276	14246810
818	"LOC409238"	NA	chrNC_037638.1	+	14246008	14246810	14246008	14246207	14246276	14246810
819	"LOC409238"	NA	chrNC_037638.1	+	14247807	14248452	14247807	14248019	14248092	14248452
820	"LOC409238"	NA	chrNC_037638.1	+	14247807	14248452	14247807	14248019	14248107	14248452
821	"LOC411764"	NA	chrNC_037639.1	-	15048597	15049118	15048597	15048647	15048719	15049118
822	"LOC411764"	NA	chrNC_037639.1	-	15048597	15049118	15048597	15048647	15048833	15049118
823	"LOC412092"	NA	chrNC_037645.1	+	12174661	12175342	12174661	12174768	12174827	12175342
824	"LOC410893"	NA	chrNC_037639.1	+	5731859	5733243	5731859	5733058	5733150	5733243
825	"LOC726262"	NA	chrNC_037647.1	-	4805950	4806451	4805950	4806253	4806331	4806451
826	"LOC726262"	NA	chrNC_037647.1	-	4811467	4811700	4811467	4811695	4811697	4811700
827	"LOC102655357"	NA	chrNC_037646.1	-	38091	38500	38091	38314	38395	38500
828	"LOC727153"	NA	chrNC_037646.1	-	1529073	1529653	1529073	1529189	1529579	1529653
829	"LOC726750"	NA	chrNC_037646.1	-	8493875	8496854	8493875	8494109	8494175	8496854
830	"LOC726750"	NA	chrNC_037646.1	-	8493875	8496854	8493875	8494775	8495465	8496854
831	"LOC411653"	NA	chrNC_037646.1	-	1663764	1665185	1663764	1664941	1665067	1665185
832	"LOC411653"	NA	chrNC_037646.1	-	1669976	1673034	1669976	1671841	1672018	1673034
833	"LOC411653"	NA	chrNC_037646.1	-	1669976	1673034	1669976	1671841	1672260	1673034
834	"LOC411653"	NA	chrNC_037646.1	-	1669976	1673034	1669976	1672131	1672260	1673034
835	"LOC411653"	NA	chrNC_037646.1	-	1669976	1673034	1669976	1671841	1672617	1673034
836	"LOC411653"	NA	chrNC_037646.1	-	1669976	1673034	1669976	1672296	1672617	1673034
837	"LOC413382"	NA	chrNC_037646.1	+	2538545	2540863	2538545	2538589	2538655	2540863
838	"LOC552243"	NA	chrNC_037638.1	-	14916420	14916700	14916420	14916474	14916540	14916700
839	"LOC113218749"	NA	chrNC_037641.1	+	4158689	4161101	4158689	4160934	4161021	4161101
840	"LOC113218978"	NA	chrNC_037646.1	+	5208086	5209654	5208086	5209084	5209247	5209654
841	"LOC102654439"	NA	chrNC_037646.1	+	5219775	5222103	5219775	5221783	5221871	5222103
842	"LOC552414"	NA	chrNC_037646.1	+	6026305	6026563	6026305	6026338	6026458	6026563
843	"LOC551623"	NA	chrNC_037638.1	+	26627710	26629680	26627710	26628546	26628699	26629680
844	"LOC100578662"	NA	chrNC_037653.1	-	1466842	1467784	1466842	1466993	1467056	1467784
845	"LOC411879"	NA	chrNC_037646.1	+	6559798	6565038	6559798	6562330	6562393	6565038
846	"LOC409249"	NA	chrNC_037646.1	-	6593350	6594075	6593350	6593436	6593513	6594075
847	"LOC409856"	NA	chrNC_037640.1	-	10800880	10801891	10800880	10801305	10801378	10801891
848	"LOC100576234"	NA	chrNC_037640.1	-	5352126	5354623	5352126	5352879	5354548	5354623
849	"LOC100576234"	NA	chrNC_037640.1	-	5352126	5354623	5352126	5353074	5354548	5354623
850	"LOC100576234"	NA	chrNC_037640.1	-	5358259	5358824	5358259	5358442	5358551	5358824
851	"LOC100576234"	NA	chrNC_037640.1	-	5358259	5358824	5358259	5358478	5358551	5358824
852	"LOC100576234"	NA	chrNC_037640.1	-	5358259	5358824	5358259	5358442	5358757	5358824
853	"LOC100576234"	NA	chrNC_037640.1	-	5358259	5358824	5358259	5358478	5358757	5358824
854	"B-gluc1"	NA	chrNC_037646.1	-	7483844	7484985	7483844	7483970	7484166	7484985
855	"B-gluc1"	NA	chrNC_037646.1	-	7484166	7484985	7484166	7484224	7484338	7484985
856	"LOC726197"	NA	chrNC_037646.1	-	7542235	7543009	7542235	7542392	7542553	7543009
857	"LOC102653932"	NA	chrNC_037646.1	+	10100884	10101267	10100884	10101144	10101218	10101267
858	"LOC411414"	NA	chrNC_037647.1	-	4485535	4486167	4485535	4485637	4485734	4486167
859	"LOC411414"	NA	chrNC_037647.1	-	4485535	4486167	4485535	4485657	4485734	4486167
860	"LOC411414"	NA	chrNC_037647.1	-	4485535	4486167	4485535	4485637	4485738	4486167
861	"LOC411414"	NA	chrNC_037647.1	-	4485535	4486167	4485535	4485657	4485738	4486167
862	"LOC411414"	NA	chrNC_037647.1	-	4485535	4486167	4485535	4485637	4485762	4486167
863	"LOC411414"	NA	chrNC_037647.1	-	4485535	4486167	4485535	4485657	4485762	4486167
864	"LOC411306"	NA	chrNC_037646.1	-	10960386	10960983	10960386	10960641	10960704	10960983
865	"LOC102655751"	NA	chrNC_037642.1	+	5760485	5761266	5760485	5760813	5761174	5761266
866	"LOC102655751"	NA	chrNC_037642.1	+	5761174	5761942	5761174	5761266	5761796	5761942
867	"LOC102656398"	NA	chrNC_037646.1	+	11630443	11630821	11630443	11630652	11630715	11630821
868	"LOC100578317"	NA	chrNC_037648.1	-	13313138	13315321	13313138	13313350	13313436	13315321
869	"LOC100578317"	NA	chrNC_037648.1	-	13313138	13315321	13313138	13313350	13314378	13315321
870	"LOC100578597"	NA	chrNC_037646.1	-	12273397	12277598	12273397	12273928	12274024	12277598
871	"LOC113219036"	NA	chrNC_037647.1	-	14012	14572	14012	14333	14457	14572
872	"LOC413740"	NA	chrNC_037645.1	-	3883593	3884177	3883593	3883910	3883967	3884177
873	"LOC724822"	NA	chrNC_037647.1	-	361448	362177	361448	361530	361614	362177
874	"LOC107964584"	NA	chrNC_037643.1	-	8912199	8912672	8912199	8912439	8912527	8912672
875	"LOC724640"	NA	chrNC_037647.1	+	1754970	1757377	1754970	1755096	1755168	1757377
876	"LOC724765"	NA	chrNC_037647.1	+	1973026	1974350	1973026	1974169	1974298	1974350
877	"LOC102656656"	NA	chrNC_037647.1	-	2529474	2533470	2529474	2530982	2531043	2533470
878	"LOC102654050"	NA	chrNC_037647.1	+	2869027	2872503	2869027	2872183	2872252	2872503
879	"LOC551270"	NA	chrNC_037647.1	+	4694210	4694615	4694210	4694229	4694391	4694615
880	"LOC113219042"	NA	chrNC_037647.1	+	4878792	4880960	4878792	4878955	4879015	4880960
881	"LOC100578893"	NA	chrNC_037642.1	+	13160277	13160962	13160277	13160441	13160525	13160962
882	"LOC412607"	NA	chrNC_037647.1	+	5885349	5886156	5885349	5885955	5886033	5886156
883	"LOC409470"	NA	chrNC_037648.1	-	7133968	7134354	7133968	7134186	7134270	7134354
884	"LOC409470"	NA	chrNC_037648.1	-	7144683	7145079	7144683	7144890	7144971	7145079
885	"LOC552782"	NA	chrNC_037642.1	+	13377150	13377597	13377150	13377323	13377401	13377597
886	"LOC552501"	NA	chrNC_037647.1	-	6479563	6479883	6479563	6479628	6479724	6479883
887	"LOC113219060"	NA	chrNC_037647.1	-	6533723	6534558	6533723	6533924	6534246	6534558
888	"LOC113219060"	NA	chrNC_037647.1	-	6533723	6534558	6533723	6533924	6534316	6534558
889	"LOC113219060"	NA	chrNC_037647.1	-	6533723	6534558	6533723	6533924	6534400	6534558
890	"LOC113218886"	NA	chrNC_037643.1	-	14246534	14249928	14246534	14247084	14247230	14249928
891	"LOC551706"	NA	chrNC_037647.1	+	7073424	7079279	7073424	7074580	7074650	7079279
892	"LOC551706"	NA	chrNC_037647.1	+	7073424	7079279	7073424	7075590	7075663	7079279
893	"LOC551706"	NA	chrNC_037647.1	+	7073424	7079279	7073424	7073646	7078968	7079279
894	"LOC551706"	NA	chrNC_037647.1	+	7073424	7079279	7073424	7079112	7079199	7079279
895	"LOC410559"	NA	chrNC_037651.1	-	10004450	10005586	10004450	10004915	10005013	10005586
896	"LOC551610"	NA	chrNC_037647.1	+	8070973	8071302	8070973	8071123	8071222	8071302
897	"LOC102656717"	NA	chrNC_037648.1	-	1809328	1810763	1809328	1810126	1810199	1810763
898	"LOC102656717"	NA	chrNC_037648.1	-	1809328	1810763	1809328	1810126	1810209	1810763
899	"LOC102656717"	NA	chrNC_037648.1	-	1809328	1810763	1809328	1810549	1810633	1810763
900	"LOC102655479"	NA	chrNC_037647.1	-	8516063	8518638	8516063	8516538	8517238	8518638
901	"LOC552688"	NA	chrNC_037647.1	-	8695222	8695790	8695222	8695387	8695491	8695790
902	"LOC724908"	NA	chrNC_037647.1	+	8841735	8843659	8841735	8841776	8841863	8843659
903	"LOC411078"	NA	chrNC_037642.1	-	6182755	6183773	6182755	6183163	6183278	6183773
904	"LOC411157"	NA	chrNC_037643.1	+	11855721	11859056	11855721	11857532	11858846	11859056
905	"LOC726670"	NA	chrNC_037651.1	+	9114881	9115625	9114881	9115150	9115231	9115625
906	"LOC102655568"	NA	chrNC_037638.1	-	24595436	24599196	24595436	24595554	24598038	24599196
907	"LOC409315"	NA	chrNC_037647.1	-	10220887	10221191	10220887	10221031	10221141	10221191
908	"LOC100577138"	NA	chrNC_037647.1	-	10560550	10563051	10560550	10562416	10562765	10563051
909	"LOC100578404"	NA	chrNC_037647.1	+	11837275	11838307	11837275	11838114	11838197	11838307
910	"LOC100577980"	NA	chrNC_037647.1	-	10797539	10798082	10797539	10797727	10797790	10798082
911	"LOC408670"	NA	chrNC_037639.1	-	13124007	13124294	13124007	13124082	13124157	13124294
912	"LOC102655071"	NA	chrNC_037647.1	-	10953079	10953822	10953079	10953174	10953258	10953822
913	"LOC107964959"	NA	chrNC_037646.1	+	6333719	6340143	6333719	6336130	6336202	6340143
914	"LOC410853"	NA	chrNC_037639.1	+	11998395	11999414	11998395	11999188	11999271	11999414
915	"LOC408275"	NA	chrNC_037647.1	+	11346640	11347560	11346640	11346761	11347253	11347560
916	"LOC408275"	NA	chrNC_037647.1	+	11346640	11347560	11346640	11346797	11347253	11347560
917	"LOC408275"	NA	chrNC_037647.1	+	11346640	11347560	11346640	11347076	11347253	11347560
918	"LOC102653912"	NA	chrNC_037647.1	-	11397960	11400543	11397960	11398071	11398264	11400543
919	"LOC102653912"	NA	chrNC_037647.1	-	11397960	11400543	11397960	11398074	11398264	11400543
920	"LOC100578990"	NA	chrNC_037651.1	-	2299120	2300484	2299120	2299537	2299798	2300484
921	"LOC100578990"	NA	chrNC_037651.1	-	2299120	2300484	2299120	2299543	2299798	2300484
922	"LOC100578990"	NA	chrNC_037651.1	-	2299120	2300484	2299120	2299733	2299798	2300484
923	"LOC724458"	NA	chrNC_037647.1	+	11593991	11599123	11593991	11598065	11599001	11599123
924	"LOC408369"	NA	chrNC_037648.1	+	13303718	13304804	13303718	13304220	13304376	13304804
925	"LOC412959"	NA	chrNC_037645.1	+	12688224	12688750	12688224	12688301	12688395	12688750
926	"LOC412959"	NA	chrNC_037645.1	+	12688395	12688750	12688395	12688428	12688491	12688750
927	"LOC410925"	NA	chrNC_037640.1	+	11483966	11488451	11483966	11484207	11487065	11488451
928	"LOC410925"	NA	chrNC_037640.1	+	11483966	11488451	11483966	11487605	11488239	11488451
929	"LOC410925"	NA	chrNC_037640.1	+	11483966	11488451	11483966	11487742	11488239	11488451
930	"LOC100576299"	NA	chrNC_037648.1	-	807078	808294	807078	807229	808044	808294
931	"LOC100578438"	NA	chrNC_037648.1	+	13381839	13383405	13381839	13382138	13383152	13383405
932	"LOC102656664"	NA	chrNC_037651.1	-	4612700	4613116	4612700	4612804	4612879	4613116
933	"LOC102656664"	NA	chrNC_037651.1	-	4616882	4618850	4616882	4617102	4617424	4618850
934	"LOC102656664"	NA	chrNC_037651.1	-	4616882	4618850	4616882	4617512	4617580	4618850
935	"LOC102656664"	NA	chrNC_037651.1	-	4616882	4618850	4616882	4618492	4618579	4618850
936	"LOC725890"	NA	chrNC_037652.1	+	5871051	5871767	5871051	5871517	5871615	5871767
937	"LOC725890"	NA	chrNC_037652.1	+	5871051	5873485	5871051	5871767	5871926	5873485
938	"LOC725890"	NA	chrNC_037652.1	+	5871051	5873485	5871051	5872278	5872357	5873485
939	"LOC725890"	NA	chrNC_037652.1	+	5871051	5873485	5871051	5872543	5872667	5873485
940	"LOC725890"	NA	chrNC_037652.1	+	5874215	5874802	5874215	5874608	5874687	5874802
941	"LOC412839"	NA	chrNC_037648.1	+	1883392	1885038	1883392	1884316	1884425	1885038
942	"LOC724335"	NA	chrNC_037648.1	-	2373848	2374190	2373848	2373998	2374091	2374190
943	"LOC413680"	NA	chrNC_037648.1	-	2484842	2485137	2484842	2485040	2485070	2485137
944	"LOC409534"	NA	chrNC_037648.1	-	2606578	2606968	2606578	2606664	2606760	2606968
945	"LOC552044"	NA	chrNC_037639.1	+	12621045	12621633	12621045	12621323	12621412	12621633
946	"LOC408543"	NA	chrNC_037652.1	+	3671178	3673755	3671178	3671449	3671549	3673755
947	"LOC408543"	NA	chrNC_037652.1	+	3671178	3673755	3671178	3671449	3673089	3673755
948	"LOC408543"	NA	chrNC_037652.1	+	3671178	3673755	3671178	3673263	3673503	3673755
949	"LOC411535"	NA	chrNC_037648.1	+	5014122	5014747	5014122	5014388	5014473	5014747
950	"LOC411535"	NA	chrNC_037648.1	+	5023328	5023532	5023328	5023376	5023460	5023532
951	"LOC551883"	NA	chrNC_037648.1	-	6385388	6386752	6385388	6386299	6386440	6386752
952	"LOC551883"	NA	chrNC_037648.1	-	6385388	6386752	6385388	6386302	6386440	6386752
953	"LOC551883"	NA	chrNC_037648.1	-	6385388	6386752	6385388	6386302	6386650	6386752
954	"LOC412422"	NA	chrNC_037648.1	+	8105595	8112324	8105595	8109774	8109934	8112324
955	"LOC107965033"	NA	chrNC_037638.1	+	4257013	4262538	4257013	4258507	4258614	4262538
956	"LOC107965033"	NA	chrNC_037638.1	+	4264838	4265368	4264838	4265178	4265252	4265368
957	"LOC107965219"	NA	chrNC_037648.1	-	8359253	8359916	8359253	8359472	8359626	8359916
958	"LOC551736"	NA	chrNC_037648.1	-	9478818	9479183	9478818	9478977	9479030	9479183
959	"LOC107965199"	NA	chrNC_037648.1	+	10470300	10470526	10470300	10470384	10470447	10470526
960	"LOC100577879"	NA	chrNC_037648.1	+	10944789	10947681	10944789	10945941	10946023	10947681
961	"LOC552833"	NA	chrNC_037648.1	+	11065069	11066107	11065069	11065699	11065850	11066107
962	"LOC102656805"	NA	chrNC_037648.1	-	11132255	11132683	11132255	11132473	11132550	11132683
963	"LOC102655167"	NA	chrNC_037650.1	-	7655003	7657390	7655003	7655365	7655651	7657390
964	"LOC100576080"	NA	chrNC_037648.1	+	2064131	2065033	2064131	2064666	2064723	2065033
965	"LOC410320"	NA	chrNC_037648.1	-	11987725	11988040	11987725	11987836	11987958	11988040
966	"LOC102655316"	NA	chrNC_037653.1	-	4057058	4057742	4057058	4057406	4057475	4057742
967	"LOC102655316"	NA	chrNC_037653.1	-	4057058	4057895	4057058	4057406	4057584	4057895
968	"LOC102655316"	NA	chrNC_037653.1	-	4057058	4057895	4057058	4057742	4057859	4057895
969	"LOC102655316"	NA	chrNC_037653.1	-	4058125	4058710	4058125	4058244	4058320	4058710
970	"LOC410345"	NA	chrNC_037648.1	+	13230525	13230693	13230525	13230555	13230654	13230693
971	"LOC102654161"	NA	chrNC_037648.1	-	13683330	13684523	13683330	13684323	13684431	13684523
972	"LOC410253"	NA	chrNC_037648.1	-	13686609	13692341	13686609	13691901	13691961	13692341
973	"LOC100577620"	NA	chrNC_037640.1	+	12212708	12213480	12212708	12213110	12213214	12213480
974	"LOC100577620"	NA	chrNC_037640.1	+	12217981	12218706	12217981	12218205	12218302	12218706
975	"LOC100577687"	NA	chrNC_037648.1	+	14174683	14176410	14174683	14174918	14175017	14176410
976	"Pten"	NA	chrNC_037640.1	+	1436862	1437253	1436862	1437008	1437089	1437253
977	"LOC113219113"	NA	chrNC_037648.1	-	14201548	14201969	14201548	14201660	14201821	14201969
978	"LOC113219113"	NA	chrNC_037648.1	-	14202061	14202434	14202061	14202269	14202363	14202434
979	"LOC113219113"	NA	chrNC_037648.1	-	14203896	14204776	14203896	14204107	14204179	14204776
980	"LOC113219113"	NA	chrNC_037648.1	-	14203896	14204777	14203896	14204111	14204179	14204777
981	"LOC102656859"	NA	chrNC_037648.1	-	14240511	14241170	14240511	14240647	14240753	14241170
982	"LOC410266"	NA	chrNC_037648.1	+	14519256	14519618	14519256	14519468	14519540	14519618
983	"LOC102654866"	NA	chrNC_037648.1	+	14576134	14578351	14576134	14577786	14577886	14578351
984	"LOC102654866"	NA	chrNC_037648.1	+	14576134	14578351	14576134	14577828	14577886	14578351
985	"LOC724877"	NA	chrNC_037648.1	-	14834808	14835620	14834808	14835326	14835401	14835620
986	"LOC724877"	NA	chrNC_037648.1	-	14834808	14835620	14834808	14835326	14835410	14835620
987	"LOC410108"	NA	chrNC_037648.1	+	14910645	14911425	14910645	14911000	14911075	14911425
988	"LOC100578596"	NA	chrNC_037648.1	+	15024844	15027030	15024844	15024992	15025205	15027030
989	"LOC100578596"	NA	chrNC_037648.1	+	15025205	15027030	15025205	15025523	15025679	15027030
990	"LOC100578596"	NA	chrNC_037648.1	+	15028144	15028727	15028144	15028319	15028543	15028727
991	"LOC100578596"	NA	chrNC_037648.1	+	15028144	15028727	15028144	15028385	15028543	15028727
992	"LOC551061"	NA	chrNC_037648.1	+	15070350	15070837	15070350	15070598	15070716	15070837
993	"LOC551061"	NA	chrNC_037648.1	+	15070350	15070837	15070350	15070598	15070750	15070837
994	"LOC409184"	NA	chrNC_037648.1	-	15150789	15151484	15150789	15150964	15151070	15151484
995	"LOC102653972"	NA	chrNC_037648.1	-	15251266	15253204	15251266	15251375	15251438	15253204
996	"LOC102653972"	NA	chrNC_037648.1	-	15251266	15253204	15251266	15251375	15252988	15253204
997	"LOC100576609"	NA	chrNC_037648.1	-	15300897	15301199	15300897	15300984	15301050	15301199
998	"LOC102655263"	NA	chrNC_037648.1	-	15480593	15480975	15480593	15480649	15480724	15480975
999	"LOC113219130"	NA	chrNC_037648.1	-	15570754	15571569	15570754	15571291	15571383	15571569
1000	"LOC113219130"	NA	chrNC_037648.1	-	15570754	15571569	15570754	15571291	15571469	15571569
1001	"LOC100578976"	NA	chrNC_037648.1	+	15668669	15669592	15668669	15668850	15669121	15669592
1002	"LOC552459"	NA	chrNC_037648.1	-	15967171	15967778	15967171	15967538	15967610	15967778
1003	"LOC552459"	NA	chrNC_037648.1	-	15967171	15967775	15967171	15967439	15967652	15967775
1004	"LOC552459"	NA	chrNC_037648.1	-	15967171	15967778	15967171	15967544	15967652	15967778
1005	"LOC552459"	NA	chrNC_037648.1	-	15967853	15968388	15967853	15968285	15968321	15968388
1006	"LOC552459"	NA	chrNC_037648.1	-	15967853	15969026	15967853	15968388	15968418	15969026
1007	"LOC552459"	NA	chrNC_037648.1	-	15967853	15969026	15967853	15968447	15968519	15969026
1008	"LOC552459"	NA	chrNC_037648.1	-	15967853	15969026	15967853	15968417	15968537	15969026
1009	"LOC552459"	NA	chrNC_037648.1	-	15967853	15969026	15967853	15968285	15968549	15969026
1010	"LOC552459"	NA	chrNC_037648.1	-	15967853	15969026	15967853	15968447	15968549	15969026
1011	"LOC409766"	NA	chrNC_037648.1	-	16037979	16038316	16037979	16038150	16038213	16038316
1012	"LOC408335"	NA	chrNC_037648.1	+	16330194	16330510	16330194	16330396	16330456	16330510
1013	"LOC100578173"	NA	chrNW_020555822.1	-	8135	8698	8135	8272	8453	8698
1014	"LOC100578173"	NA	chrNW_020555822.1	-	8135	8698	8135	8275	8453	8698
1015	"LOC100578173"	NA	chrNW_020555822.1	-	13969	15062	13969	14064	14499	15062
1016	"LOC100578173"	NA	chrNW_020555822.1	-	13969	15062	13969	14636	14817	15062
1017	"LOC100578173"	NA	chrNW_020555822.1	-	13969	15062	13969	14639	14817	15062
1018	"LOC726776"	NA	chrNC_037642.1	-	13668855	13669392	13668855	13669086	13669170	13669392
1019	"LOC100577908"	NA	chrNC_037649.1	-	1469388	1472123	1469388	1469810	1469907	1472123
1020	"LOC100577908"	NA	chrNC_037649.1	-	1469388	1472123	1469388	1469997	1470637	1472123
1021	"LOC100577908"	NA	chrNC_037649.1	-	1469388	1472123	1469388	1470041	1470637	1472123
1022	"LOC102654810"	NA	chrNC_037643.1	+	6936950	6937778	6936950	6937005	6937132	6937778
1023	"LOC102655145"	NA	chrNC_037652.1	-	3877607	3879837	3877607	3877925	3878210	3879837
1024	"LOC726032"	NA	chrNC_037649.1	+	1534512	1535201	1534512	1534816	1534897	1535201
1025	"LOC410944"	NA	chrNC_037640.1	+	6038972	6039439	6038972	6039144	6039207	6039439
1026	"LOC552488"	NA	chrNC_037649.1	+	2490616	2491215	2490616	2490901	2491010	2491215
1027	"LOC102653810"	NA	chrNC_037649.1	+	4916405	4916700	4916405	4916538	4916608	4916700
1028	"LOC102655405"	NA	chrNC_037649.1	+	5574298	5575740	5574298	5574451	5574564	5575740
1029	"LOC102655405"	NA	chrNC_037649.1	+	5574298	5575740	5574298	5574451	5575493	5575740
1030	"LOC102655405"	NA	chrNC_037649.1	+	5574298	5575740	5574298	5574919	5575493	5575740
1031	"LOC410363"	NA	chrNC_037649.1	-	6759329	6763566	6759329	6759621	6761150	6763566
1032	"LOC410363"	NA	chrNC_037649.1	-	6759329	6763566	6759329	6759666	6761150	6763566
1033	"LOC410363"	NA	chrNC_037649.1	-	6759329	6763566	6759329	6759939	6761150	6763566
1034	"LOC410363"	NA	chrNC_037649.1	-	6768161	6769861	6768161	6768582	6769242	6769861
1035	"LOC414022"	NA	chrNC_037638.1	+	6403626	6404679	6403626	6404152	6404248	6404679
1036	"LOC725085"	NA	chrNC_037649.1	-	7037269	7039453	7037269	7037472	7037623	7039453
1037	"LOC107964196"	NA	chrNC_037640.1	-	4623003	4627351	4623003	4623051	4623120	4627351
1038	"LOC100578134"	NA	chrNC_037641.1	-	1766922	1767287	1766922	1767092	1767244	1767287
1039	"LOC726247"	NA	chrNC_037649.1	-	11464330	11466367	11464330	11464776	11465075	11466367
1040	"LOC552286"	NA	chrNC_037649.1	-	7860173	7861718	7860173	7860327	7860476	7861718
1041	"LOC100576173"	NA	chrNC_037652.1	+	3462809	3463666	3462809	3462930	3463015	3463666
1042	"LOC413668"	NA	chrNC_037648.1	+	11147787	11148473	11147787	11148184	11148288	11148473
1043	"LOC551033"	NA	chrNC_037649.1	-	8276916	8278427	8276916	8277313	8278313	8278427
1044	"LOC107965314"	NA	chrNC_037649.1	+	9144116	9144526	9144116	9144242	9144347	9144526
1045	"LOC107965314"	NA	chrNC_037649.1	+	9146525	9147639	9146525	9146993	9147130	9147639
1046	"LOC107965314"	NA	chrNC_037649.1	+	9146525	9147639	9146525	9146993	9147425	9147639
1047	"LOC107965314"	NA	chrNC_037649.1	+	9146525	9147639	9146525	9147296	9147425	9147639
1048	"LOC107965314"	NA	chrNC_037649.1	+	9146525	9147639	9146525	9146716	9147493	9147639
1049	"LOC107965314"	NA	chrNC_037649.1	+	9146525	9147639	9146525	9146993	9147493	9147639
1050	"LOC107965314"	NA	chrNC_037649.1	+	9146525	9147639	9146525	9147296	9147493	9147639
1051	"LOC107965314"	NA	chrNC_037649.1	+	9154361	9154779	9154361	9154448	9154559	9154779
1052	"LOC107965314"	NA	chrNC_037649.1	+	9157695	9158300	9157695	9157986	9158101	9158300
1053	"LOC113219151"	NA	chrNC_037649.1	+	9205472	9208309	9205472	9206229	9206333	9208309
1054	"LOC100577829"	NA	chrNC_037649.1	+	11275426	11276001	11275426	11275622	11275697	11276001
1055	"LOC410938"	NA	chrNC_037640.1	-	7594179	7596115	7594179	7595336	7595542	7596115
1056	"LOC410938"	NA	chrNC_037640.1	-	7596739	7597149	7596739	7596832	7596979	7597149
1057	"LOC552798"	NA	chrNC_037646.1	-	10900593	10901547	10900593	10900766	10901025	10901547
1058	"LOC726790"	NA	chrNC_037650.1	-	2913772	2914310	2913772	2914060	2914219	2914310
1059	"LOC726790"	NA	chrNC_037650.1	-	2913772	2914310	2913772	2914136	2914219	2914310
1060	"LOC113218526"	NA	chrNC_037650.1	+	3062908	3063297	3062908	3063002	3063118	3063297
1061	"LOC413267"	NA	chrNC_037650.1	-	3085556	3085993	3085556	3085707	3085782	3085993
1062	"Br-c"	NA	chrNC_037650.1	-	3341065	3341742	3341065	3341218	3341297	3341742
1063	"LOC411969"	NA	chrNC_037643.1	+	7170188	7170628	7170188	7170338	7170428	7170628
1064	"LOC113218548"	NA	chrNC_037650.1	+	4651727	4657164	4651727	4656913	4656992	4657164
