ID	IJC_SAMPLE_1	SJC_SAMPLE_1	IJC_SAMPLE_2	SJC_SAMPLE_2	IncFormLen	SkipFormLen
0	24,24,16,9	0,6,1,0	4,61,22,50,28	0,4,1,2,2	298	149
1	129,253,174,252	0,8,2,7	109,250,181,177,143	0,2,0,0,0	298	149
2	2,21,49,32	0,12,19,7	5,22,33,32,24	4,12,2,18,26	298	149
3	6,37,41,34	0,2,0,0	6,13,11,33,20	0,1,0,1,0	298	149
4	14,31,53,64	2,14,42,2	6,0,5,11,2	10,22,10,40,29	298	149
5	0,0,0,0	0,2,0,0	0,0,0,2,0	0,0,0,0,0	226	149
6	1,2,20,7	0,0,29,12	8,11,2,0,2	1,10,7,0,3	222	149
7	0,2,21,29	0,0,3,0	11,4,24,2,9	0,0,1,0,4	298	149
8	0,7,36,18	6,5,101,25	8,12,18,27,14	14,20,22,19,21	212	149
10	294,606,169,221	24,48,17,32	864,946,889,1164,1127	45,22,25,28,36	250	149
11	2,4,5,19	4,0,26,22	2,0,0,5,4	0,0,0,15,1	236	149
12	23,51,85,74	1,6,0,2	9,6,11,15,4	0,0,0,0,0	298	149
14	42,32,27,107	4,5,13,16	0,5,6,23,8	6,10,10,0,0	224	149
15	72,60,74,164	10,11,17,21	24,40,40,22,14	4,0,0,3,0	298	149
16	9,12,26,39	20,25,42,20	1,3,2,14,8	0,4,0,0,2	238	149
18	46,148,312,133	2,29,60,22	293,264,166,359,239	54,57,72,94,52	224	149
19	1589,3187,1584,3041	36,98,52,85	1369,2510,1628,2425,1702	25,21,57,69,32	281	149
20	1079,2129,1371,2146	86,211,453,494	1691,2182,2422,2673,2373	10,5,15,17,14	215	149
21	0,11,18,17	0,5,6,5	19,0,36,73,45	10,8,3,9,2	298	149
22	347,651,1150,587	2,16,99,16	600,743,610,807,672	0,3,6,7,0	245	149
23	1240,2903,1841,2749	117,182,803,208	2004,2679,2616,2941,3005	130,177,213,166,159	298	149
25	817,1738,672,2107	11,46,32,5	685,2032,2338,2989,948	2,22,12,29,23	298	149
26	82,262,77,290	347,798,577,803	170,323,202,293,171	250,337,309,368,231	225	149
27	1604,4347,6946,2123	152,347,717,198	6708,4066,4814,4975,3773	1720,838,648,894,703	236	149
28	47,89,73,60	9,13,4,20	60,64,89,39,91	2,13,0,4,6	227	149
29	0,5,45,64	28,45,0,0	17,98,24,37,94	11,0,23,43,0	194	149
30	3,7,19,0	66,176,147,177	9,8,7,14,10	159,207,201,251,203	230	149
31	0,9,20,1	34,35,83,66	39,7,7,22,12	100,122,150,125,82	224	149
32	324,618,917,513	5,10,27,9	217,390,245,408,264	8,6,1,7,3	220	149
33	273,159,192,419	0,9,0,14	1,10,19,33,6	0,3,0,0,0	247	149
34	1968,4699,3340,3549	0,0,7,1	2542,3081,2546,2815,2667	9,3,14,4,3	248	149
35	16,43,110,91	0,0,6,0	85,88,57,95,90	5,4,4,11,3	227	149
36	48,113,142,197	24,35,108,34	87,152,92,145,113	64,79,40,64,65	218	149
37	46,155,188,134	2,6,15,20	175,192,186,310,194	13,48,25,13,7	239	149
38	13,81,110,75	4,18,16,16	41,52,48,56,34	0,4,10,1,6	298	149
39	82,249,237,218	28,99,78,100	139,116,182,349,176	91,47,71,99,71	212	149
40	160,415,401,370	35,154,192,171	248,258,261,539,357	9,21,29,22,13	284	149
41	170,480,399,407	0,9,17,11	197,230,242,369,274	2,4,2,0,9	235	149
42	162,408,393,438	1,26,49,30	250,482,609,552,279	12,14,31,17,28	219	149
43	615,959,647,1320	138,404,192,553	1177,1703,1693,1878,1502	732,977,894,800,762	274	149
44	790,1439,3514,1824	2778,5149,6927,6419	2040,2411,2250,2620,2576	4567,5287,5620,6772,4991	263	149
45	5,27,10,34	113,258,113,343	82,53,170,199,138	546,468,781,818,638	215	149
46	49,149,36,146	1827,2714,2192,2586	26,21,37,20,61	327,468,498,579,364	248	149
47	118,488,396,486	10,36,77,51	488,512,489,673,553	0,9,2,1,2	233	149
48	1631,2981,2645,3221	661,977,958,791	4487,6257,6182,7268,6859	50,34,96,109,43	298	149
49	431,1145,455,949	124,300,135,332	458,611,463,635,459	211,244,316,251,255	227	149
50	464,1232,498,1021	30,103,31,113	481,690,509,685,523	39,69,69,80,70	230	149
51	322,550,307,474	10,22,12,5	167,268,107,132,163	10,1,2,2,0	230	149
52	38,105,8,89	2,10,1,2	32,21,31,50,0	0,0,5,6,0	243	149
53	41,108,9,96	53,106,32,140	45,21,37,60,0	24,34,47,111,0	256	149
54	112,366,338,370	8,35,259,19	248,295,337,395,328	38,44,32,61,81	298	149
55	94,57,126,145	1,38,34,10	10,18,17,54,6	20,28,17,21,8	233	149
56	2,13,4,12	4,10,0,0	2,13,0,0,8	0,0,0,0,4	275	149
57	83,175,36,83	61,145,56,62	205,489,305,387,536	112,260,192,182,166	298	149
58	0,18,29,3	0,0,12,0	0,2,4,14,4	0,0,0,0,0	206	149
60	141,56,27,194	0,2,0,23	28,91,91,91,78	0,0,0,2,0	231	149
61	0,0,4,7	0,0,0,0	10,7,0,9,6	0,0,0,1,0	298	149
63	55,142,289,206	11,32,80,72	205,327,295,418,266	13,7,23,37,32	298	149
64	0,1,0,9	1,18,4,7	0,1,6,4,0	0,0,0,0,0	225	149
65	1,5,14,2	6,14,23,0	0,0,0,0,2	2,0,0,0,0	235	149
66	18,2,16,6	8,10,101,2	4,0,0,0,0	0,10,0,0,0	298	149
67	48,61,53,147	1,0,2,0	63,70,79,71,46	4,0,0,0,0	298	149
68	0,0,0,3	41,95,47,73	0,1,0,0,0	61,61,119,81,77	215	149
69	7,26,43,25	2,3,10,3	2,11,1,17,17	0,0,4,1,0	244	149
70	6,22,36,18	1,2,1,0	1,11,1,10,17	0,0,4,3,0	215	149
71	251,651,574,578	4,6,24,7	285,562,429,690,424	19,11,16,38,34	284	149
72	27,67,353,59	5,6,9,0	55,119,49,51,85	0,4,4,6,7	298	149
73	10,32,204,19	0,0,100,0	18,71,13,5,6	4,2,0,7,4	239	149
74	6,31,12,35	8,8,11,17	7,14,21,18,8	2,0,1,10,2	289	149
75	7,20,22,127	1,0,0,6	2,25,14,11,4	0,0,0,0,0	219	149
76	247,465,280,451	68,77,246,115	66,149,105,131,101	31,58,54,68,66	298	149
77	20,61,57,93	2,4,18,19	19,12,33,73,29	0,4,2,5,2	269	149
78	16,19,25,45	6,1,4,14	20,14,21,19,6	2,0,0,0,1	298	149
83	0,1,0,2	0,0,0,0	0,2,0,0,0	0,2,0,0,0	298	149
85	0,0,0,0	0,0,2,1	0,2,10,0,8	0,20,3,0,0	203	149
86	0,8,10,7	2,0,22,0	0,8,12,12,0	0,2,2,2,0	207	149
87	37,163,310,197	29,71,150,79	171,184,191,239,177	210,358,189,446,414	230	149
88	6,27,48,69	0,0,0,0	9,59,17,24,21	0,1,0,0,0	298	149
89	1,0,22,0	1,16,0,0	6,4,0,2,6	0,2,0,12,1	298	149
91	2,2,7,2	0,0,20,0	0,2,4,2,2	0,4,0,7,2	223	149
92	243,221,248,588	3,1,15,7	69,116,139,151,92	0,2,0,6,0	298	149
93	393,801,1300,595	31,51,177,59	772,864,904,1087,769	45,68,70,91,41	210	149
94	19,32,62,17	100,330,120,190	16,28,25,51,50	219,548,278,448,460	150	149
95	108,205,195,250	14,17,16,9	185,303,250,317,366	8,61,30,28,50	209	149
96	443,1431,721,1342	0,11,0,8	464,859,845,905,806	0,4,0,0,0	298	149
97	185,815,375,826	15,93,18,111	262,416,302,435,369	46,26,48,29,43	298	149
98	502,1492,842,1406	2,0,2,8	490,883,1022,1072,788	0,4,4,0,0	298	149
99	244,876,496,890	52,276,104,183	288,440,479,600,351	147,315,352,457,335	298	149
100	410,1259,797,1236	61,152,132,78	469,1018,1032,1107,850	36,28,51,60,35	298	149
101	152,643,451,720	36,40,32,30	267,575,489,637,413	32,19,36,47,20	298	149
102	188,256,71,389	42,149,65,83	77,113,66,119,24	11,35,7,25,22	298	149
103	410,662,354,929	47,108,228,198	389,472,195,355,366	70,165,138,260,135	298	149
104	4,4,1,1	12,6,19,6	27,44,26,73,18	51,39,51,79,97	281	149
105	103,51,60,133	4,23,28,7	15,11,12,26,4	0,0,0,0,0	298	149
106	0,0,3,0	0,0,13,0	2,4,6,0,5	0,6,0,0,0	268	149
108	29,35,57,91	0,0,2,4	11,10,10,33,6	0,0,0,0,0	233	149
109	18,63,87,92	3,22,73,13	56,100,92,66,74	51,163,53,61,35	298	149
110	104,422,288,403	91,288,255,201	51,159,104,214,161	258,155,148,355,101	230	149
111	6,57,129,70	239,632,1475,478	49,32,25,63,46	392,418,318,406,473	215	149
112	487,1327,1115,1115	4,30,18,18	1298,1782,1632,2003,1810	15,14,15,12,22	242	149
113	385,366,332,482	8,27,17,14	591,645,581,1080,694	12,27,23,30,13	242	149
114	25,30,34,82	0,10,126,2	12,19,16,19,15	0,1,4,0,4	247	149
115	9,19,12,16	0,0,2,0	17,17,38,11,29	0,0,0,0,0	298	149
117	0,8,137,25	0,0,43,0	36,68,64,92,67	46,39,34,51,67	298	149
118	8,22,6,18	0,2,2,0	16,54,29,34,31	1,0,4,1,2	230	149
119	8,18,23,9	0,0,0,1	4,15,11,11,22	0,0,0,0,0	298	149
120	4,37,34,26	0,0,0,2	9,29,37,9,15	0,0,0,0,0	298	149
121	0,18,13,5	0,0,4,2	3,4,0,1,1	0,0,0,0,0	298	149
122	15,14,17,34	0,5,27,18	10,17,38,23,14	34,28,22,30,25	298	149
123	14,22,2,7	1,4,0,3	36,33,45,58,42	0,13,5,6,7	215	149
124	2,2,12,0	0,4,0,0	22,24,16,26,18	0,6,4,2,2	256	149
125	209,419,569,397	2,2,70,16	65,166,95,168,107	0,2,0,0,0	235	149
126	50,41,50,95	5,1,4,2	19,46,23,52,15	1,4,0,7,3	220	149
127	46,75,31,42	0,2,9,0	34,30,40,65,34	0,0,0,6,2	298	149
128	47,21,108,45	0,0,0,0	20,43,20,15,36	0,0,0,4,0	233	149
129	188,362,398,295	0,10,5,3	273,450,465,477,450	46,39,63,53,69	298	149
130	111,226,241,117	0,5,8,4	237,279,256,266,377	9,0,4,14,4	230	149
131	24,116,112,122	25,9,46,14	134,265,206,245,210	47,33,38,30,56	298	149
132	63,210,276,155	0,0,0,0	226,375,278,286,301	0,0,1,1,0	298	149
133	246,402,286,311	74,133,247,109	96,113,146,155,171	106,121,151,151,86	237	149
134	787,2249,2374,1870	37,80,134,40	1762,2007,2113,2304,2207	39,56,97,94,64	245	149
135	2,5,59,1	2,8,38,10	2,0,2,2,4	10,15,10,26,8	212	149
136	1,0,106,8	7,10,10,0	0,2,2,0,8	0,0,0,0,0	206	149
137	26,133,228,96	0,0,10,0	19,41,27,22,12	0,0,0,0,0	298	149
139	26,114,136,44	0,0,8,0	58,129,114,180,112	0,0,0,20,2	230	149
140	1115,1593,361,847	24940,40627,8496,43584	151,196,211,191,166	3579,4713,5065,6200,5027	209	149
141	63,166,262,200	2,4,10,10	48,160,138,122,210	8,2,6,16,22	298	149
143	1743,3400,2078,3552	82,209,133,287	1281,2405,1819,1948,1760	102,245,221,208,171	241	149
144	1865,3603,2143,3786	21,119,102,131	1333,2490,1901,2039,1838	85,124,109,101,76	268	149
145	0,1,18,0	0,0,42,39	9,3,2,1,4	9,4,3,11,2	298	149
146	2,6,333,848	2,439,0,0	12,7,320,669,38	176,651,251,361,641	236	149
147	2,131,530,1065	64,2,0,0	31,129,475,1024,131	13,0,0,0,0	298	149
148	167,139,356,545	0,22,0,1	288,645,490,1418,579	3,34,7,30,31	298	149
149	2,25,0,16	21,63,15,16	14,2,0,4,4	7,4,8,7,2	239	149
150	4,6,31,22	0,0,5,0	23,7,42,41,3	0,14,29,60,0	298	149
151	0,9,30,22	0,0,0,0	23,5,40,40,3	2,0,1,2,2	298	149
152	6,0,54,6	0,4,30,0	12,23,19,18,45	38,32,16,25,15	254	149
153	33,5,112,65	8,119,53,29	0,0,4,8,0	0,0,0,0,0	233	149
154	297,460,1019,479	72,168,385,80	433,637,288,599,622	116,204,160,201,140	298	149
155	21,154,22,52	79,289,30,164	117,122,173,191,219	4,31,26,68,50	219	149
156	26,158,22,61	26,87,6,51	117,125,176,192,220	7,5,34,26,25	222	149
157	63,138,206,145	28,14,34,13	160,208,185,235,244	36,48,58,37,21	236	149
158	11,17,28,10	3,5,11,3	22,54,29,45,24	20,32,14,7,1	292	149
159	0,6,21,12	2,0,29,8	0,1,13,2,0	7,7,16,4,2	239	149
160	72,269,33,259	4,46,6,33	132,118,116,238,265	33,8,10,25,40	228	149
161	749,2546,47,2449	0,8,473,0	1390,2276,1648,3214,4072	141,238,122,1600,0	182	149
163	81,19,12,318	0,2,4,16	4,9,66,49,19	0,0,12,0,0	233	149
164	50,59,37,46	0,1,6,3	46,62,71,62,130	13,28,16,8,8	217	149
165	55,4,19,10	54,10,4,20	12,33,74,44,42	6,28,55,17,10	298	149
166	409,932,542,1072	0,0,0,2	1480,1959,1848,2192,1907	8,19,27,20,8	298	149
167	285,526,229,746	22,34,41,21	144,249,203,216,208	58,132,31,52,53	252	149
168	281,492,212,714	9,11,30,1	142,221,191,193,194	6,5,0,11,1	248	149
169	426,618,760,879	8,2,33,11	916,1289,1244,1941,1414	2,12,2,19,22	216	149
170	2,0,6,4	0,19,22,17	5,16,11,2,2	27,20,3,9,11	298	149
171	1,19,40,4	8,2,0,0	2,8,14,10,3	0,3,0,2,0	240	149
172	312,841,1024,621	5,6,44,14	633,856,828,1127,935	4,16,17,6,12	242	149
173	254,407,441,610	18,30,33,44	167,192,271,245,306	22,58,37,64,61	298	149
174	106,208,142,177	20,10,61,12	352,448,364,522,364	8,27,23,18,5	227	149
175	4,26,12,8	7,6,0,0	0,12,16,22,4	2,0,4,2,10	223	149
176	15,11,46,52	21,29,106,30	6,13,15,12,20	2,2,0,5,0	223	149
177	17,51,66,36	0,6,14,15	6,17,19,10,12	0,0,0,0,0	205	149
178	17,66,132,112	14,18,53,11	38,22,56,63,101	0,0,1,0,0	298	149
179	47,132,112,130	0,2,2,1	14,86,27,66,44	0,0,0,0,0	233	149
180	40,88,134,167	6,24,124,13	148,134,103,179,128	13,5,12,13,16	298	149
181	2,4,0,0	2,0,0,0	18,14,13,11,34	34,10,6,6,4	222	149
182	938,2081,3620,2042	63,214,478,230	2587,2650,2356,3182,2843	405,454,708,659,611	227	149
183	286,627,1443,577	31,39,231,55	63,158,109,84,130	15,12,15,6,8	298	149
184	6,2,11,19	5,0,2,10	2,0,6,5,0	1,0,2,0,0	239	149
185	724,1427,1742,1324	96,185,406,211	1278,1885,2052,2652,1889	75,147,173,316,115	245	149
186	35,88,142,79	13,17,19,19	71,90,88,68,76	43,33,44,63,42	298	149
187	190,427,562,374	10,16,50,26	603,633,483,690,730	22,23,22,70,40	248	149
188	15,17,2,14	81,159,122,215	34,38,38,58,31	86,133,92,142,86	209	149
189	2,31,23,27	24,48,18,59	38,84,37,84,41	27,22,51,16,30	293	149
190	505,956,1171,867	2,13,12,18	1586,2715,2325,3051,2287	11,19,22,32,17	298	149
191	50,180,416,162	6,18,53,23	219,258,133,217,205	24,32,4,30,27	298	149
192	63,220,303,120	4,30,141,20	219,262,170,212,300	14,30,12,24,18	298	149
193	67,295,387,311	10,33,104,97	208,179,215,284,174	70,92,107,107,119	218	149
194	72,105,97,140	13,19,28,33	55,77,46,57,47	0,6,5,8,3	251	149
195	592,1445,1303,1081	58,99,164,52	1065,1347,1766,1649,1756	221,244,239,345,434	298	149
197	174,605,353,339	4,4,20,3	767,942,1139,1132,1109	18,7,20,75,41	298	149
198	73,80,23,88	32,42,62,42	16,83,56,49,21	26,32,27,30,12	259	149
199	281,652,817,678	23,92,257,106	1203,1609,1514,2166,1649	57,115,77,130,127	260	149
201	3,5,17,16	8,0,6,6	49,116,106,212,77	0,0,0,0,0	298	149
202	12,5,21,15	0,2,4,3	31,54,32,157,48	0,0,0,3,4	247	149
203	312,741,652,673	22,39,15,14	633,1166,824,1111,983	53,108,121,135,163	248	149
204	238,391,275,664	3,14,76,28	313,657,397,875,454	0,7,12,22,8	242	149
205	340,763,1231,726	35,39,45,19	1211,1258,1183,1400,1111	8,4,4,22,9	231	149
206	116,328,205,313	9,19,18,36	219,470,417,524,427	10,56,47,44,35	231	149
207	0,2,9,18	4,0,22,0	21,18,4,27,15	0,5,11,25,1	179	149
208	6,0,79,0	0,0,46,0	4,0,3,10,0	0,0,2,0,0	298	149
209	121,249,85,244	47,357,2,52	34,32,49,42,65	6,4,2,6,0	230	149
210	121,242,85,244	240,4,92,677	30,28,47,42,65	17,0,28,20,12	209	149
211	20,61,35,66	2,1,12,8	49,87,51,102,56	19,6,29,28,32	298	149
212	20,61,35,68	0,10,6,0	49,89,49,102,56	2,12,4,20,2	298	149
214	0,3,0,11	1,8,2,14	8,26,6,8,7	5,5,8,11,4	220	149
215	20,88,104,90	0,12,3,2	92,180,111,155,135	2,6,18,1,1	224	149
216	0,1,4,2	23,27,51,77	5,11,2,33,3	6,6,15,16,3	298	149
217	57,52,21,47	4,4,6,5	119,65,54,159,59	2,14,0,2,2	250	149
218	90,370,169,189	0,4,2,4	279,141,193,408,243	5,0,10,9,11	298	149
219	16,77,20,105	8,0,0,6	138,109,84,102,126	1,4,0,0,10	298	149
220	4,0,11,10	0,4,91,0	0,0,2,0,0	2,0,0,0,4	219	149
221	11,32,30,25	4,12,21,15	0,1,0,0,0	2,2,4,0,0	230	149
222	23,10,23,16	0,3,23,0	80,8,2,5,20	0,0,0,1,0	298	149
223	6,4,26,5	0,2,9,0	26,27,39,25,43	5,5,26,14,4	298	149
224	36,18,9,45	92,183,196,150	8,3,3,12,1	81,96,50,109,90	218	149
225	256,30,52,1152	26,13,24,134	37,30,77,56,21	0,3,5,7,9	238	149
226	0,8,43,3	0,0,2,0	4,6,4,5,11	0,0,0,0,0	239	149
229	16,46,87,38	0,0,8,0	32,71,53,103,63	0,0,0,0,0	246	149
230	1284,2348,1848,2143	65,208,214,241	1730,2051,2482,2437,2610	43,74,89,119,75	245	149
231	2,11,27,13	16,8,16,9	7,37,29,26,20	13,27,16,33,22	238	149
232	0,18,5,2	0,0,12,2	4,19,0,14,1	0,7,3,2,10	248	149
233	1070,3134,2076,2210	10,33,42,42	2592,4725,3624,3778,3421	98,184,142,180,126	245	149
234	27,119,89,159	4,2,3,6	69,92,62,53,64	5,4,2,2,4	215	149
235	4,10,1,8	0,0,2,0	5,8,2,3,0	4,0,0,0,0	226	149
236	180,392,329,339	2,45,89,25	370,554,537,534,738	28,31,18,33,24	298	149
237	31,96,22,134	0,1,0,5	93,121,120,97,93	2,6,2,0,7	267	149
238	83,213,255,215	26,21,26,10	176,240,187,172,214	21,19,25,2,4	234	149
239	78,81,95,93	6,20,34,8	11,56,35,41,40	12,15,18,31,22	218	149
240	609,1272,1650,1252	148,521,1185,684	594,689,669,781,754	387,436,408,388,411	298	149
241	30,19,25,89	1,4,0,4	13,34,55,45,13	0,0,0,0,0	230	149
242	263,585,684,500	8,19,27,28	240,323,262,332,295	0,4,0,0,0	257	149
243	35,45,126,52	0,0,11,3	100,182,183,320,284	22,33,37,53,54	224	149
244	35,51,126,56	20,41,4,60	104,190,195,331,294	46,41,57,110,70	227	149
245	506,1022,362,862	13,36,4,18	779,1105,1358,1723,1325	26,81,66,74,68	239	149
246	107,377,484,421	6,28,75,31	491,687,622,718,746	33,39,45,31,41	239	149
248	379,477,372,844	2,18,17,42	157,196,131,214,146	4,18,13,24,16	298	149
249	1025,518,358,1294	37,32,4,100	76,96,79,141,73	0,0,3,3,2	233	149
250	164,332,148,257	27,40,89,12	116,141,79,156,231	49,57,84,82,65	261	149
251	7,12,4,17	16,31,7,7	35,11,21,73,20	0,0,2,6,6	298	149
252	17,7,56,71	6,0,12,20	2,4,12,25,4	6,0,5,7,1	228	149
253	18,4,43,18	0,0,7,8	8,4,8,39,1	0,3,0,1,0	228	149
254	22,7,43,25	1,0,2,2	8,0,3,31,0	0,1,0,0,0	228	149
255	22,8,60,32	1,0,0,0	7,4,6,51,0	0,0,0,0,0	228	149
257	7,27,15,12	7,3,17,8	67,43,46,67,43	4,35,18,21,62	298	149
258	889,1489,1167,1520	337,1005,903,1130	800,1487,1228,1667,1473	176,388,220,373,373	206	149
259	122,138,150,314	0,0,2,0	44,66,20,38,35	36,0,6,79,0	298	149
260	81,124,125,200	0,0,6,8	30,54,15,35,31	6,26,6,5,27	298	149
261	69,82,88,172	0,0,33,12	35,59,18,41,38	0,2,0,0,0	298	149
262	51,74,55,86	54,148,330,159	38,62,95,86,80	17,38,47,76,32	207	149
263	337,694,456,382	60,89,355,115	1280,1520,1479,1547,1538	12,24,64,43,52	230	149
264	124,313,414,296	58,113,251,106	643,687,522,734,617	30,6,39,54,17	298	149
265	779,1370,1818,1669	3,1,4,25	977,1403,1199,1531,1433	10,1,12,11,8	298	149
266	580,1180,1476,1210	15,20,121,21	960,1263,1123,1383,1315	8,3,14,3,18	293	149
267	478,1025,1369,914	10,27,58,26	734,1216,963,1329,1044	0,1,6,4,0	298	149
268	507,1077,1157,981	36,81,98,79	759,1093,985,1263,1056	0,29,14,22,15	298	149
269	443,904,863,837	102,209,464,253	648,908,807,1035,921	32,46,79,70,45	236	149
270	246,515,158,388	42,59,143,86	201,370,372,437,284	18,52,40,38,18	298	149
271	190,384,132,308	0,17,34,20	149,263,292,307,205	13,24,9,10,7	298	149
272	86,106,44,117	2,6,0,0	23,13,6,3,8	2,0,2,0,0	236	149
273	713,1373,1290,1302	60,125,124,160	1296,1731,1446,2217,1617	39,104,80,96,118	221	149
275	0,8,0,2	0,0,2,0	0,3,0,0,0	0,6,0,8,0	193	149
276	0,8,4,4	0,2,15,6	2,3,0,0,0	7,10,2,0,3	213	149
277	298,689,1055,693	19,52,61,26	915,1263,1271,1217,1055	13,8,1,10,14	251	149
279	146,209,112,288	90,35,77,59	156,257,226,352,256	32,21,33,62,80	248	149
280	67,196,425,249	1,10,33,11	192,496,314,586,597	29,27,13,4,16	298	149
281	66,137,212,194	0,8,21,2	130,317,180,384,353	0,38,0,9,78	298	149
282	119,217,365,260	3,6,26,0	172,410,299,401,464	24,23,33,31,25	298	149
283	531,909,771,1090	130,270,205,253	1569,2260,2141,2264,2510	230,312,435,450,349	298	149
284	135,249,222,198	10,31,57,39	253,381,349,417,271	5,4,1,12,5	298	149
285	40,114,88,97	9,21,30,47	80,142,138,195,133	41,36,24,37,43	298	149
286	351,613,531,571	6458,10751,10156,11251	68,31,47,79,78	657,570,448,435,574	221	149
287	336,831,1072,794	29,42,101,56	710,1050,949,1291,736	28,48,68,75,15	218	149
288	378,909,629,701	23,38,15,40	604,862,920,1036,1123	17,37,28,48,31	213	149
289	69,24,145,198	0,10,14,0	114,108,26,107,61	0,0,4,0,0	208	149
290	124,209,322,353	1,10,5,12	254,389,320,423,446	0,8,3,2,4	239	149
291	13,24,25,71	5,17,7,13	41,79,40,100,40	5,1,12,10,8	249	149
292	183,373,398,325	95,190,179,139	211,196,233,334,278	109,189,214,178,191	298	149
293	744,1772,853,1664	58,239,75,238	939,1468,1400,1727,1236	7,21,29,18,19	203	149
294	369,653,227,632	32,80,36,69	651,1315,1187,1426,1179	18,57,80,53,100	215	149
295	308,636,246,714	61,109,5,144	664,1349,1212,1418,1218	6,10,6,20,4	298	149
296	260,652,188,648	4,30,2,2	504,1145,1077,1333,1073	0,0,0,0,0	298	149
297	0,4,3,1	0,0,5,0	8,2,0,14,10	0,0,0,6,2	230	149
298	317,693,497,800	22,94,137,98	347,374,307,523,395	11,27,68,41,37	298	149
299	63,98,31,31	40,55,27,0	13,7,10,15,26	6,29,26,20,3	208	149
300	185,129,169,288	0,0,0,0	25,33,19,48,16	0,7,0,2,0	298	149
301	56,124,118,144	2,12,20,10	152,181,272,243,162	7,16,25,12,6	245	149
302	12,36,32,47	0,0,0,0	10,4,12,40,6	0,0,2,0,0	220	149
303	15,73,163,57	3,6,31,22	44,25,14,56,16	7,7,0,8,4	298	149
304	39,144,429,136	0,4,20,1	83,67,55,113,63	0,8,0,0,4	222	149
305	303,730,774,617	9,52,17,66	711,801,682,970,776	69,61,94,40,61	257	149
306	249,679,639,585	6,2,6,0	150,364,299,265,421	10,16,36,8,55	298	149
307	1240,3274,1053,2876	101,267,243,259	769,2045,116,1327,1311	18,53,0,32,41	233	149
308	567,910,1068,1064	64,110,139,94	568,569,553,667,578	32,29,48,54,21	225	149
309	1380,1952,1083,2320	223,458,327,320	569,770,713,906,851	53,79,49,73,51	298	149
310	2007,2224,1257,2878	33,35,35,26	225,534,325,525,505	66,81,34,47,95	298	149
311	15878,31642,37779,18089	2,15,14,5	25165,30387,18672,28847,19585	7,6,6,14,0	298	149
312	464,1285,1712,1055	17,60,156,39	771,1141,934,1253,1111	4,16,19,6,4	233	149
313	10,6,19,76	0,0,1,2	37,4,0,2,4	7,0,0,0,0	209	149
314	4,4,1,64	0,2,0,0	12,8,2,0,28	4,0,0,0,0	214	149
315	233,669,1115,643	4,16,40,21	301,421,429,475,407	5,10,22,24,14	298	149
317	478,594,351,1043	13,15,44,40	80,136,58,86,122	0,0,0,0,12	287	149
318	405,527,412,714	85,205,53,184	660,764,687,930,545	67,65,68,70,37	227	149
319	29,76,17,96	55,121,23,79	273,128,154,264,202	30,31,35,11,32	229	149
320	135,134,105,56	10,33,63,17	544,158,169,337,259	55,23,40,58,28	241	149
321	0,1,13,0	0,0,11,0	0,3,4,0,1	0,0,0,0,0	260	149
322	95,145,45,13	34,21,2,8	3,11,6,16,19	0,0,0,4,0	251	149
323	17,10,23,33	2,8,0,5	20,50,44,69,12	4,11,0,16,12	217	149
324	2,26,10,22	2,0,0,4	46,49,78,140,37	0,0,0,1,8	298	149
325	115,227,534,292	1,13,49,41	310,468,287,540,405	6,34,22,29,4	227	149
326	0,0,8,2	0,0,0,0	0,0,0,0,0	0,0,2,0,4	252	149
327	1,0,13,6	3,0,51,8	7,8,2,21,1	7,6,10,14,0	231	149
328	0,2,37,12	0,0,52,6	7,22,24,3,0	5,14,4,12,6	298	149
330	24,17,48,8	0,0,0,2	17,2,6,8,11	0,0,0,0,0	224	149
332	712,1854,868,2004	18,200,339,194	738,953,1142,1068,1020	72,107,112,56,34	218	149
335	60,97,82,107	34,87,158,103	107,186,180,185,174	14,57,34,76,30	223	149
336	47,85,34,57	15,10,0,9	99,120,102,152,105	12,30,24,19,17	298	149
337	4,11,5,10	74,207,383,148	5,10,1,3,23	285,328,258,335,428	221	149
338	161,496,1396,443	45,80,165,91	354,524,454,494,561	86,131,206,152,163	254	149
339	155,476,1309,410	115,242,661,186	328,485,432,473,537	263,266,293,339,366	251	149
340	21,80,66,100	14,6,5,0	22,40,34,51,42	0,0,0,0,1	242	149
341	0,0,2,2	1,3,0,2	2,0,6,1,0	0,0,0,0,0	233	149
342	175,419,205,383	8,25,14,44	611,840,908,1141,964	72,76,82,56,42	222	149
343	0,3,0,38	0,0,0,0	0,0,0,8,0	0,4,0,0,0	298	149
344	1495,3921,1123,3731	0,0,0,4	229,403,237,443,330	0,0,0,0,0	298	149
345	1210,3022,780,2757	161,436,432,529	144,350,206,342,195	23,64,43,46,36	298	149
346	4,2,39,1	6,2,11,0	18,18,17,10,4	0,0,0,0,0	226	149
347	1119,2359,1748,2556	10,55,72,68	1475,2307,1899,3125,1982	52,86,42,144,58	298	149
348	476,1198,999,1397	19,99,92,53	1153,1633,1283,2589,1563	38,32,72,54,28	219	149
349	714,1332,2099,1466	15,20,81,12	451,843,531,785,610	17,18,13,5,16	243	149
350	715,1332,2102,1473	31,39,117,64	451,852,533,785,612	171,223,135,237,160	248	149
351	13,23,69,30	368,764,1603,727	33,33,54,37,29	588,816,663,1083,766	230	149
352	6,3,15,2	4,0,49,0	0,4,0,0,0	0,0,0,0,8	248	149
353	0,13,26,9	0,0,2,4	8,0,4,4,4	0,0,0,0,0	224	149
354	0,0,2,1	1,1,0,0	3,1,2,7,4	5,4,2,4,10	243	149
355	326,829,621,889	45,72,51,148	904,1075,786,1588,906	183,278,244,464,202	257	149
356	1118,2504,1282,2141	73,253,201,183	813,1484,1155,1598,1197	19,62,52,66,54	233	149
357	161,346,166,309	75,108,157,180	272,333,312,434,375	137,121,128,142,176	298	149
358	471,957,975,917	81,150,305,145	719,1020,1006,1078,1064	19,28,61,39,25	298	149
359	508,1155,382,893	163,364,115,538	72,51,80,23,67	38,36,38,15,31	282	149
360	4,4,9,0	0,0,0,0	0,11,0,2,0	0,0,0,0,16	298	149
362	60,123,169,221	13,22,109,55	295,395,402,450,359	42,41,37,51,36	234	149
363	277,701,635,640	70,291,312,182	348,417,398,564,423	237,336,253,400,302	298	149
364	397,964,998,824	13,42,79,33	738,1046,1055,1347,959	30,15,23,23,38	224	149
365	0,4,36,43	6,8,50,15	0,0,0,0,0	0,0,0,2,0	288	149
366	585,1203,723,1134	35,85,163,97	821,959,1055,876,1205	51,87,76,113,93	249	149
367	584,1303,792,1203	67,103,116,120	844,992,1049,923,1268	137,214,202,205,222	298	149
368	6,7,22,10	2,0,20,4	2,2,5,6,7	0,0,0,0,2	298	149
369	688,1885,1133,1950	8,0,0,0	419,710,619,740,714	0,2,0,0,6	298	149
370	204,1071,623,1150	0,0,2,2	274,418,409,513,576	1,10,3,2,6	298	149
371	1,10,90,56	2,1,11,13	47,60,72,42,67	23,46,12,51,32	229	149
372	14,37,63,23	0,0,0,0	55,112,66,71,52	0,7,6,4,2	212	149
373	10,36,159,58	6,0,48,8	78,42,34,68,45	3,2,1,4,4	250	149
374	8,44,214,127	2,18,83,35	42,68,38,47,20	0,0,0,3,0	293	149
376	19,51,128,70	10,19,28,15	70,83,61,87,84	7,10,15,8,9	222	149
377	297,993,486,480	0,0,6,4	1693,530,385,635,519	43,46,56,45,28	246	149
378	88,141,140,146	58,8,7,28	1494,456,390,672,431	219,67,83,120,83	215	149
379	222,185,94,228	31,4,6,10	1108,357,303,631,335	2,1,51,29,6	274	149
380	25,25,32,72	1,0,16,11	2,8,5,3,14	0,0,0,0,0	216	149
381	19,1,2,12	2,3,0,15	1,3,0,4,2	0,0,0,0,0	225	149
382	4,15,62,26	0,2,1,10	39,60,40,44,29	0,1,0,0,2	250	149
384	10,5,9,4	0,0,0,0	0,3,0,3,3	0,2,2,0,0	273	149
386	2,5,38,10	0,0,22,0	22,40,9,27,22	1,16,0,0,0	298	149
387	6,4,31,12	0,0,6,0	0,19,4,11,4	0,0,0,0,0	294	149
388	57,100,162,164	0,0,0,9	29,74,31,61,54	0,12,3,11,0	236	149
389	12,50,58,38	0,0,0,2	14,0,22,4,2	0,0,0,0,0	247	149
390	14,50,58,38	0,0,0,0	14,0,24,4,2	0,0,2,0,0	258	149
391	0,17,34,26	0,0,6,4	40,136,129,160,78	2,19,23,23,10	260	149
392	0,1,0,8	1,0,0,3	0,0,5,1,0	0,1,1,0,2	247	149
393	0,2,10,4	0,0,4,14	3,20,7,24,4	2,7,8,16,12	250	149
394	80,230,163,202	4,0,64,0	130,208,135,144,189	0,0,0,0,0	263	149
395	159,274,137,313	4,14,30,38	109,199,172,163,167	19,25,45,15,27	230	149
396	4,16,44,19	0,0,3,2	8,6,5,3,10	0,0,7,1,0	298	149
397	1,10,15,16	24,47,22,39	12,11,28,40,47	99,137,153,253,182	221	149
398	127,411,213,389	4,23,59,25	214,450,275,500,355	15,33,15,33,10	298	149
399	111,401,227,377	2,5,60,16	200,412,285,518,340	30,11,13,16,4	298	149
400	13,61,429,116	0,0,19,18	1474,1149,1589,1020,540	67,65,50,41,10	224	149
401	27,86,310,73	8,18,199,23	1550,1226,1482,1185,661	128,88,111,49,24	298	149
402	50,44,8,104	3,0,0,1	0,11,1,0,11	0,0,0,0,0	249	149
403	36,38,8,98	0,0,1,1	0,8,1,0,10	0,0,0,0,0	221	149
404	56,41,15,59	5,11,0,15	2,4,4,6,15	1,2,0,0,0	261	149
405	13,19,36,19	13,33,51,54	6,2,16,11,2	5,29,33,21,19	228	149
406	13,19,34,19	5,4,8,4	6,2,8,11,2	0,6,0,15,21	224	149
407	90,192,500,201	90,162,298,118	115,117,111,192,131	43,79,69,91,66	255	149
408	57,192,30,435	30,72,4,94	16,11,30,11,14	0,19,2,3,0	298	149
409	3,35,77,73	3,5,15,15	154,216,241,440,181	32,31,27,47,54	298	149
410	4,23,29,14	2,4,4,3	12,34,11,27,24	10,18,18,22,10	295	149
411	5,0,27,14	0,0,8,0	0,8,4,6,0	0,10,12,0,0	264	149
412	41,65,60,25	1325,2821,3502,2603	47,33,21,56,41	905,1468,1114,1346,1131	239	149
413	58,130,232,114	14,73,95,50	74,121,55,97,100	39,71,82,42,68	257	149
414	22,39,92,37	0,14,27,8	69,85,71,92,62	18,21,2,28,14	227	149
415	42,72,42,128	0,0,0,1	27,46,24,27,29	0,0,0,0,5	298	149
416	206,471,736,380	2,29,54,16	360,477,318,491,415	69,56,57,64,66	231	149
417	39,142,231,141	0,2,27,4	138,125,107,177,164	0,6,0,1,6	298	149
418	80,109,87,17	18,26,26,2	154,87,119,130,142	29,5,14,22,12	220	149
419	2,0,42,19	6,0,20,8	2,47,32,8,27	4,1,2,7,6	298	149
420	4,4,49,11	12,0,13,11	22,33,31,12,21	9,2,13,0,4	298	149
421	47,4,49,46	20,1,28,30	21,47,86,47,29	8,26,30,15,16	298	149
422	17,2,34,20	8,0,17,4	24,59,31,22,7	0,0,0,0,0	298	149
423	34,28,87,26	3,0,32,0	23,32,22,17,51	41,59,58,46,67	285	149
424	72,259,462,283	4,19,60,33	91,68,86,76,115	16,5,9,13,61	298	149
425	19,68,110,83	0,0,26,1	16,7,25,11,59	2,0,11,14,0	226	149
426	31,140,239,167	12,26,119,30	16,17,31,45,42	46,4,45,28,60	241	149
427	31,138,229,157	2,8,31,12	16,16,27,43,26	6,0,7,12,2	224	149
428	84,195,72,70	6,6,13,12	44,60,50,50,22	0,2,0,2,0	214	149
429	41,189,123,144	0,1,2,0	4,19,9,16,6	0,0,0,0,2	290	149
430	2,0,32,31	0,2,2,6	12,24,30,22,32	6,4,11,28,12	298	149
431	63,178,118,114	10,2,8,8	29,108,60,82,77	21,36,15,8,27	298	149
432	78,205,133,154	12,17,6,7	52,119,56,85,107	26,32,38,22,61	298	149
433	41,146,65,100	6,15,0,2	27,60,31,45,33	2,14,11,9,30	298	149
434	22,48,42,36	0,0,2,0	40,33,27,30,26	0,0,0,0,0	292	149
435	618,995,779,1047	85,115,249,132	928,1009,888,1275,998	17,26,8,27,15	212	149
436	316,633,606,719	40,41,36,60	209,385,230,292,313	1,5,2,11,1	239	149
437	184,179,147,322	10,1,2,32	88,194,109,156,147	0,9,6,0,0	287	149
438	20,53,52,85	4,13,35,41	54,16,42,9,8	6,4,2,3,2	298	149
439	47,172,250,239	18,39,51,32	70,111,130,55,81	0,2,22,4,14	284	149
440	57,123,186,242	0,0,10,0	50,59,56,22,14	0,4,0,0,0	298	149
441	55,100,154,217	0,2,26,12	23,45,51,18,8	0,4,0,0,0	298	149
442	23,20,25,62	0,2,12,21	28,15,17,28,4	2,0,14,2,0	242	149
443	10,10,27,20	0,7,16,4	59,45,26,40,63	2,0,6,10,4	240	149
444	4,24,24,21	190,338,342,269	9,14,7,6,14	71,129,45,116,74	236	149
445	171,457,272,303	5,33,47,34	251,460,287,406,375	12,14,15,8,14	227	149
446	152,505,325,284	41,55,81,20	195,242,314,377,234	12,0,12,2,0	257	149
447	75,164,87,181	10,51,26,88	69,83,68,163,114	38,21,48,100,31	257	149
448	75,170,94,198	27,79,30,64	76,86,73,186,114	52,49,22,109,44	280	149
450	259,571,528,634	23,73,284,87	327,386,422,422,403	23,31,13,19,30	298	149
451	276,647,759,557	41,90,166,104	464,693,608,792,716	110,157,138,197,148	272	149
452	281,1543,1937,1364	0,28,68,2	1263,1579,1949,1038,2002	14,13,45,8,30	298	149
453	69,816,954,613	17,157,285,132	613,911,952,523,925	95,131,219,2,196	257	149
454	161,1191,1865,472	6,16,9,0	989,1176,1342,587,1294	52,53,61,5,73	298	149
455	14,21,0,4	15,26,0,41	40,36,25,15,8	9,0,3,6,1	226	149
456	6,42,187,10	0,0,162,2	5,20,44,55,3	0,8,6,12,1	298	149
457	6,15,187,6	3,9,49,2	8,6,29,40,6	2,4,5,20,3	247	149
458	2,4,149,2	4,6,32,22	4,10,28,27,2	0,6,4,6,2	219	149
459	129,274,267,340	13,18,60,30	342,333,311,302,283	78,53,42,92,54	230	149
460	358,795,495,776	47,121,159,75	484,713,657,879,672	1,24,22,28,31	224	149
461	12,1,15,7	1,0,16,10	1,1,4,3,0	0,0,0,1,0	228	149
462	82,99,161,97	36,37,56,76	208,201,224,249,172	34,97,51,148,109	236	149
463	128,258,322,286	11,23,50,57	124,121,101,115,178	41,32,36,100,34	260	149
464	2,28,17,2	18,65,5,80	0,4,0,1,6	21,50,18,22,44	213	149
465	0,0,12,0	0,0,23,0	2,12,0,5,13	29,109,25,23,58	227	149
466	446,389,244,530	16,0,0,14	390,630,583,614,374	42,48,4,12,11	254	149
467	95,134,65,132	8,0,0,10	72,106,111,182,53	7,11,0,2,0	215	149
468	71,262,182,287	2,7,15,0	68,207,147,123,126	5,10,8,8,9	240	149
469	0,4,10,0	0,0,6,2	0,0,0,0,0	0,0,0,4,0	298	149
470	214,504,656,643	51,70,52,85	497,657,611,756,500	16,69,38,31,48	259	149
471	282,743,572,800	32,58,6,102	575,862,606,797,715	18,24,18,23,18	298	149
472	98,214,113,256	20,29,30,13	145,236,223,478,180	2,12,6,13,0	298	149
473	14,137,91,204	15,19,1,9	110,186,155,188,122	2,4,10,1,18	298	149
474	55,55,54,51	15,10,30,50	32,27,32,57,31	6,13,19,14,0	244	149
475	197,412,179,439	0,1,0,0	14,20,11,4,16	2,18,24,0,24	292	149
476	0,17,17,0	0,0,1,0	2,12,1,0,11	0,0,0,0,0	298	149
477	0,17,9,0	0,2,0,0	6,12,3,0,2	0,0,0,0,2	298	149
478	0,1,6,0	0,0,2,0	4,2,4,6,0	0,0,0,0,0	240	149
479	92,159,195,153	51,196,465,120	104,293,206,360,236	138,288,239,250,174	290	149
480	4,7,9,6	5,22,28,48	5,19,5,22,5	33,40,31,118,25	218	149
481	0,0,14,4	0,0,14,0	2,2,6,2,2	0,0,0,0,0	298	149
483	89,151,132,229	4,20,18,2	688,1012,951,1101,1288	73,107,100,125,109	236	149
484	37,137,35,60	0,12,3,0	185,230,212,305,285	0,0,6,4,0	241	149
485	35,106,20,75	0,11,4,11	75,115,122,112,100	16,4,20,48,21	298	149
486	328,598,1340,433	71,148,314,126	239,575,493,585,346	49,79,124,145,129	234	149
487	53,135,201,179	4,4,31,17	73,83,74,64,91	45,36,14,11,14	223	149
488	242,734,629,602	44,123,329,79	749,576,336,515,720	126,30,88,47,85	217	149
489	942,2177,1765,1998	76,141,151,139	1453,1671,1793,2342,1905	69,79,55,126,79	233	149
490	31,58,263,28	17,52,364,6	32,15,65,69,52	2,7,2,20,12	209	149
491	6,10,190,13	2,0,2,0	10,10,21,24,11	4,0,0,6,2	298	149
492	2,8,11,20	0,2,1,0	43,30,10,27,22	0,0,2,4,5	226	149
493	9,16,21,21	0,0,2,0	53,44,17,39,27	8,0,3,0,0	235	149
494	0,22,73,6	0,0,12,0	18,3,12,13,5	0,0,0,2,2	218	149
495	12648,28171,13257,35419	3133,11888,9133,10125	400,821,500,917,700	595,1394,1195,1626,1143	298	149
496	37,93,93,147	0,0,0,3	19,75,25,57,19	0,0,2,0,0	261	149
497	71,40,5,31	0,11,0,0	128,106,126,97,158	0,12,1,0,4	233	149
498	0,0,6,3	0,0,4,0	0,0,0,1,2	0,0,0,0,0	255	149
499	2,12,7,10	0,0,0,0	10,30,2,45,71	2,6,2,14,11	298	149
500	5,19,9,12	1,15,1,18	16,29,4,48,100	10,2,5,73,59	298	149
502	148,365,486,511	17,51,133,84	427,588,573,675,857	9,34,36,63,57	220	149
503	39,131,203,106	0,2,38,18	45,50,75,89,61	0,8,0,2,2	275	149
504	18,54,14,63	0,2,3,0	91,79,76,194,84	0,4,10,0,0	246	149
505	57,106,19,134	0,12,0,10	199,131,126,334,164	10,46,21,31,20	298	149
506	19,18,28,38	0,17,16,30	3,4,14,4,14	16,5,6,4,13	219	149
507	128,304,491,277	140,311,668,324	368,578,595,563,406	189,181,194,361,169	221	149
508	64,129,208,139	6,2,14,4	74,154,121,137,105	0,2,2,2,0	228	149
509	77,130,223,139	2,8,15,14	79,160,129,149,116	6,12,18,16,16	232	149
510	17,52,26,45	685,1416,768,1887	25,11,16,34,49	377,564,483,603,627	221	149
511	18,54,6,62	0,0,53,0	2,1,1,0,4	0,0,3,0,0	253	149
512	145,422,356,379	13,44,21,44	510,606,589,967,653	0,7,11,8,14	298	149
513	50,96,79,108	62,147,145,131	285,388,419,585,440	96,82,151,150,108	250	149
514	2,21,10,27	2,2,1,103	26,28,57,125,54	11,38,75,181,121	259	149
515	3,9,0,34	0,9,0,5	2,0,29,68,9	0,0,1,5,2	287	149
516	14,87,108,127	5,35,59,47	121,148,203,272,252	13,35,54,140,69	222	149
517	60,43,95,112	0,0,2,0	6,14,16,23,4	0,0,2,0,4	298	149
518	105,195,252,209	2,0,0,0	52,83,62,80,101	0,0,0,0,0	298	149
519	112,292,537,293	0,2,0,0	112,230,137,225,178	0,0,2,0,2	298	149
520	86,268,384,189	6,2,0,0	88,147,117,165,162	0,0,0,0,0	298	149
521	881,1822,564,2027	25,69,26,83	201,134,112,135,128	170,97,76,26,64	298	149
522	24,21,32,34	8,3,2,3	63,108,105,128,149	0,0,1,0,5	232	149
523	3,36,116,45	7,10,69,22	73,90,68,115,90	53,53,35,69,46	218	149
524	3,6,0,16	0,4,2,0	8,14,4,0,0	0,0,0,8,0	233	149
525	94,355,70,205	1942,4987,5083,5199	152,310,243,210,241	3192,4902,4608,5229,5437	212	149
526	6,4,33,4	2,0,4,0	6,0,0,10,4	0,0,0,2,0	298	149
527	64,301,656,180	19,29,115,34	341,459,368,522,360	128,171,83,147,144	233	149
528	8,16,25,12	0,0,8,0	16,14,8,21,10	1,45,9,8,16	298	149
529	4,6,17,4	2,6,21,22	0,11,0,3,8	12,57,17,27,59	298	149
530	5,8,53,23	1,4,29,5	61,87,34,77,45	0,2,2,9,0	298	149
531	484,1263,1445,1169	20,50,109,47	1321,1671,1833,2169,1942	79,93,109,88,110	298	149
532	0,6,0,0	0,0,11,0	6,0,0,0,2	0,0,0,0,0	253	149
533	0,21,68,14	0,1,20,10	11,8,10,16,24	0,0,0,1,0	298	149
534	122,94,219,158	193,468,301,528	240,183,565,608,356	353,590,359,503,445	221	149
536	0,2,149,10	0,0,0,0	2,1,0,4,3	0,0,0,0,2	239	149
539	13,21,8,39	68,61,24,204	0,12,5,14,14	14,31,14,24,21	226	149
540	12,42,42,154	8,4,39,31	26,19,20,59,4	80,33,38,58,21	258	149
541	6,0,4,44	0,0,22,39	2,1,0,5,0	3,7,3,3,1	298	149
542	90,172,124,154	97,291,105,333	176,299,268,393,228	609,880,835,1072,903	236	149
543	41,158,456,242	3,1,12,2	155,268,213,186,259	1,0,0,0,0	225	149
544	41,162,460,248	31,12,21,55	151,276,220,184,270	0,5,6,8,2	248	149
545	32,159,454,236	3,4,5,0	155,274,224,186,263	0,0,0,0,0	215	149
546	20,87,334,178	23,3,3,6	32,41,40,40,28	6,24,0,10,5	242	149
547	51,91,355,169	0,2,3,0	70,96,61,57,57	0,0,0,0,0	298	149
548	0,0,4,0	0,2,17,4	0,4,9,4,2	0,1,8,6,8	263	149
549	143,287,243,475	12,25,16,20	259,393,348,344,400	46,67,96,84,67	266	149
550	354,752,554,654	36,52,108,70	569,813,650,719,631	18,8,18,2,26	221	149
551	481,1087,918,1014	5,12,31,16	864,1220,1088,1120,997	9,25,1,2,10	298	149
552	130,398,232,336	4,0,2,2	216,344,398,448,322	6,4,5,4,0	298	149
553	2,0,3,0	0,0,3,0	0,2,1,4,0	0,0,1,0,0	298	149
554	1,0,0,6	0,0,0,0	0,2,0,4,0	0,2,0,0,2	225	149
555	0,0,0,10	0,0,0,6	2,4,0,0,16	2,2,0,0,4	253	149
556	0,0,0,32	0,0,0,0	3,2,0,2,5	0,2,0,0,0	298	149
557	0,0,2,26	0,4,0,6	5,2,0,2,5	1,0,0,0,2	229	149
558	2974,6713,4925,6437	177,336,329,334	2208,3404,3524,3440,3801	339,544,420,428,464	272	149
559	4,11,4,1	66,149,181,195	1,9,13,17,11	168,184,284,269,204	221	149
560	32,54,47,55	5,13,11,15	73,66,77,108,39	9,8,3,2,9	257	149
561	104,266,244,210	4,112,73,50	560,543,493,554,515	133,81,50,66,37	223	149
562	1645,4557,2033,3549	53,173,57,113	8871,10968,9364,12740,10348	78,119,95,119,74	232	149
563	24,51,90,82	2,6,2,2	72,116,40,144,101	4,30,36,14,8	298	149
565	26,44,188,70	2,20,64,42	51,58,25,92,77	22,50,21,74,108	236	149
566	277,404,560,408	8,22,8,7	358,656,517,865,770	4,10,38,0,8	298	149
568	4,11,0,19	0,0,2,18	0,0,0,0,0	0,4,0,2,0	205	149
569	2,48,51,56	11,35,28,20	2,5,9,2,21	7,7,0,2,7	222	149
570	4,39,59,48	4,4,20,12	0,3,18,6,22	0,0,0,0,13	298	149
571	6,0,16,7	1,0,12,0	10,16,41,9,18	0,0,2,16,4	298	149
572	119,179,96,373	42,154,135,172	14,58,20,22,41	42,50,40,83,73	292	149
573	0,0,0,0	0,0,0,11	18,0,0,0,6	0,0,1,0,0	242	149
576	192,445,596,441	21,42,59,36	630,685,611,752,747	31,42,35,79,44	228	149
577	282,736,965,658	39,83,285,100	917,968,1056,1305,1071	9,23,11,68,15	232	149
578	80,59,56,140	6,29,25,31	16,35,34,15,19	6,11,2,1,12	298	149
579	2,26,128,13	0,8,17,1	6,10,21,11,42	0,0,6,3,4	298	149
580	2,28,66,14	0,3,12,0	0,7,5,10,27	0,0,0,2,1	280	149
581	15,30,297,34	0,0,2,0	42,34,47,41,48	3,0,0,0,0	298	149
582	15,24,282,32	0,0,0,0	38,34,48,41,46	0,2,0,4,4	298	149
583	0,12,33,12	0,0,12,0	0,0,0,8,0	0,0,0,0,0	298	149
584	1131,2531,254,1908	130,246,38,210	215,339,516,319,200	10,14,14,4,3	238	149
585	65,193,205,213	20,32,79,35	477,564,372,566,481	151,155,67,167,88	225	149
586	666,1495,996,968	39,135,184,136	749,877,765,761,643	0,4,0,0,0	214	149
587	10,45,364,86	11,5,644,8	11,4,8,4,0	0,0,0,0,0	298	149
588	7,21,341,43	6,3,8,41	0,0,0,0,0	20,0,5,4,10	254	149
589	7,48,1199,26	38,67,153,269	4,8,6,1,8	14,17,10,2,4	269	149
590	4,40,1075,26	0,4,557,0	4,8,6,1,4	2,0,0,14,0	262	149
592	220,437,374,386	5,27,49,51	188,224,202,211,227	61,29,39,38,57	218	149
594	57,223,347,186	35,69,81,83	188,194,175,208,190	182,159,141,217,135	274	149
595	13,13,71,27	18,8,40,12	25,53,26,57,26	63,13,32,71,39	265	149
596	182,521,975,240	26,90,242,92	358,574,423,509,505	13,37,15,41,32	224	149
597	14,55,14,59	5,12,0,5	21,29,26,153,66	0,0,5,8,0	298	149
598	120,190,123,277	5,6,12,20	65,128,33,100,92	6,3,4,2,0	298	149
599	232,572,586,440	24,21,50,34	749,932,826,1216,934	43,35,14,89,39	209	149
600	76,163,95,232	1,12,2,14	215,365,188,458,265	5,18,7,46,7	219	149
602	1,2,8,4	7,0,0,0	0,2,0,3,0	0,0,4,0,0	227	149
603	4,0,6,0	0,0,0,0	2,5,3,12,17	2,3,2,0,2	240	149
604	1,0,3,10	0,0,3,0	6,17,0,5,4	0,0,0,6,0	256	149
605	6,1,4,0	2,0,16,0	0,4,0,9,2	0,0,0,0,0	216	149
606	60,162,508,187	0,12,32,0	131,169,159,212,186	24,58,32,16,23	237	149
608	0,4,27,8	0,0,11,0	0,0,0,2,0	0,0,0,0,0	298	149
609	13,44,38,45	0,0,1,2	37,37,58,91,51	2,2,0,0,11	298	149
610	118,191,164,252	117,192,295,279	483,454,365,386,205	39,75,17,56,27	298	149
611	41,86,42,25	0,0,6,0	6,27,18,34,20	0,0,0,0,0	236	149
612	261,767,895,577	66,152,428,116	466,639,411,677,594	29,91,68,98,46	227	149
613	479,976,390,956	63,178,137,128	887,1085,936,1358,1058	92,136,108,200,188	239	149
614	2,12,50,12	0,2,0,10	14,13,18,36,13	0,0,2,2,12	258	149
615	64,102,186,167	6,5,50,28	163,236,144,423,248	0,8,6,11,0	245	149
616	65,104,204,172	1,8,15,9	166,239,143,421,250	0,2,0,0,0	248	149
617	39,49,47,133	6,10,34,0	12,42,8,26,34	2,4,0,14,2	233	149
618	7,4,22,8	5,15,27,4	14,40,14,10,8	26,19,16,10,15	266	149
619	10,5,42,9	32,87,231,104	21,73,21,13,13	95,108,29,90,88	280	149
620	56,44,188,64	15,32,25,4	69,114,47,81,90	1,95,58,8,17	298	149
621	0,0,3,10	4,0,2,4	2,6,2,11,1	0,0,0,0,0	274	149
622	2,15,84,12	2,0,10,0	0,6,3,4,8	0,0,0,4,2	245	149
623	4,8,43,24	0,0,5,0	0,0,2,6,4	0,0,0,0,0	231	149
624	7,9,27,15	249,571,964,616	112,124,125,148,141	350,517,435,652,709	242	149
625	91,208,137,192	19,32,44,38	391,598,631,719,641	6,30,22,38,24	226	149
626	104,219,139,198	7,2,1,8	397,622,643,742,662	5,12,16,2,10	232	149
627	93,97,37,163	0,10,0,14	9,34,17,15,24	0,0,6,2,0	298	149
628	211,503,359,436	2,22,15,41	382,609,444,728,556	44,43,29,42,50	221	149
629	26,53,66,80	2,0,1,0	46,59,41,54,36	0,0,2,0,0	223	149
630	12,16,50,10	1,9,24,4	0,20,1,6,4	0,6,4,2,2	264	149
632	20,10,302,6	2,14,131,2	14,24,16,26,12	28,12,16,39,15	214	149
633	14,24,14,22	8,12,8,9	15,4,6,13,16	2,1,2,0,1	298	149
634	427,889,627,613	6,10,18,24	786,886,937,1240,1025	18,22,17,27,39	245	149
635	15,48,86,105	0,0,11,2	25,44,40,33,35	2,15,8,3,6	228	149
636	3,14,68,15	6,38,26,6	30,32,16,19,24	5,2,6,18,2	237	149
637	17,82,9,21	0,0,1,0	9,35,31,32,45	0,0,0,0,0	271	149
638	10,50,62,45	0,4,14,0	26,72,17,28,54	5,2,17,0,4	298	149
639	16,112,86,43	0,0,0,0	18,120,53,67,62	0,0,0,2,4	298	149
640	0,2,6,0	0,0,6,0	8,0,2,9,4	0,0,0,2,0	210	149
641	0,6,30,8	4,0,26,0	1,8,0,8,10	6,2,13,3,0	257	149
642	80,151,250,222	2,8,25,2	114,175,157,149,192	5,0,0,3,0	221	149
643	119,180,89,238	43,141,72,186	401,747,628,1061,802	15,7,45,83,46	203	149
644	40,29,23,99	4,18,15,23	12,30,17,18,11	0,0,0,0,0	298	149
645	0,2,45,2	0,13,39,15	12,2,8,4,0	3,2,8,2,0	246	149
646	19,14,17,35	2,4,2,6	51,36,35,30,34	11,21,5,10,0	263	149
647	137,338,505,308	539,1022,1222,1157	928,947,916,1437,1005	1005,1380,1169,1975,1166	276	149
648	158,283,246,356	0,4,0,5	127,196,248,277,235	10,11,1,5,13	298	149
649	141,242,219,266	8,13,0,37	120,157,209,240,209	22,7,17,29,8	298	149
650	0,7,10,4	0,4,29,0	0,0,2,0,2	0,8,0,0,0	232	149
651	1,6,0,2	0,5,19,0	0,1,1,0,1	0,0,0,0,4	261	149
652	0,17,53,7	2,2,7,2	8,2,5,0,0	0,0,0,0,0	298	149
653	12,5,26,18	0,7,0,0	16,27,15,34,20	2,4,1,13,0	298	149
654	3264,6555,9742,5805	128,257,615,305	4031,4484,5153,5075,4948	75,90,74,109,71	298	149
655	684,1533,1533,1910	29,96,360,150	2178,3131,2855,3817,3371	10,52,26,23,27	298	149
656	525,1124,1084,1462	24,35,262,46	1486,2160,2124,3175,2257	10,10,10,14,8	222	149
657	107,112,348,163	15,72,41,70	291,331,254,314,348	37,55,54,142,66	298	149
658	196,369,588,524	95,185,380,271	122,170,97,167,149	172,295,160,250,181	298	149
659	2517,5273,3835,5084	264,646,518,674	4209,6480,7199,9569,7526	547,810,851,1026,916	218	149
660	2558,5364,3923,5156	125,505,374,395	4278,6540,7310,9744,7636	357,508,476,692,601	221	149
661	6,30,3,3	0,0,0,0	30,52,11,18,35	6,5,0,0,16	252	149
662	4,30,3,0	3,4,5,5	16,40,0,5,29	0,0,7,9,0	201	149
663	2,7,28,2	0,0,50,11	6,10,11,4,16	0,15,15,0,0	238	149
664	24,124,270,165	0,1,111,8	150,365,230,156,82	15,49,17,15,9	219	149
665	669,1445,1576,1263	15,25,21,43	950,1310,1316,1544,1305	166,162,144,197,152	275	149
666	8,13,20,12	0,0,2,1	10,28,11,15,24	18,10,6,22,47	298	149
668	2,30,16,48	0,6,19,8	4,0,11,2,0	5,8,2,2,2	272	149
669	0,6,16,0	2,0,5,2	4,6,4,2,4	0,0,2,0,11	216	149
670	4,2,2,2	1,1,0,0	83,83,44,80,75	11,8,0,2,5	227	149
671	4,2,11,5	4,8,28,5	88,95,56,99,83	38,39,47,67,40	263	149
672	0,0,13,0	1,0,59,0	0,0,6,2,0	4,0,2,0,0	298	149
673	0,0,24,4	0,0,12,2	0,0,13,11,0	0,0,0,0,0	298	149
674	21,67,86,49	756,1369,2477,1682	257,376,328,374,301	1345,2032,1518,2342,1431	233	149
675	1850,3944,1429,987	95,251,657,958	1620,3224,2867,2977,2758	172,210,175,759,214	224	149
676	1926,3882,1748,1356	214,524,306,570	1250,3526,3564,3820,2146	202,1,2,436,2	298	149
677	1310,2321,1914,1800	48,107,79,121	644,2218,2693,3449,906	379,3,0,108,607	224	149
678	46,66,81,85	0,0,0,0	45,75,73,141,59	0,0,2,8,10	298	149
679	6,24,46,11	0,8,17,8	9,14,24,10,26	0,0,0,1,0	298	149
680	6,8,3,2	2,2,0,0	0,0,0,0,2	0,0,0,0,0	298	149
681	6,8,8,5	5,2,0,0	0,0,0,4,4	0,0,2,4,0	298	149
682	4,8,3,2	1,0,0,0	0,0,0,0,2	0,0,0,0,0	298	149
683	0,0,1,0	0,2,0,0	0,0,0,0,1	0,0,0,3,0	298	149
684	112,295,406,110	16,22,42,9	497,733,740,896,498	2,4,16,5,5	249	149
685	311,356,384,712	2,25,5,21	39,120,63,85,63	0,0,2,1,0	298	149
686	119,233,159,137	208,485,42,352	105,218,155,192,174	271,689,487,741,703	237	149
687	202,656,257,672	30,145,226,175	414,572,417,544,464	39,25,63,49,58	227	149
688	219,735,283,745	30,84,70,48	436,645,439,584,489	13,9,13,25,31	230	149
689	232,525,422,513	30,169,209,172	273,493,285,424,391	69,85,85,108,47	221	149
690	93,143,179,106	0,0,0,4	173,227,138,182,122	5,31,17,28,2	255	149
691	0,4,10,3	1,15,15,18	0,7,0,13,12	13,14,28,18,18	221	149
693	4,37,9,18	0,0,0,3	10,10,16,48,6	0,0,0,8,4	267	149
694	2,20,0,25	4,2,0,0	3,5,17,14,18	0,0,0,0,0	219	149
695	4,49,33,25	0,0,0,0	9,11,30,46,16	0,0,0,6,0	298	149
696	28,30,6,34	11,5,5,7	1,4,18,7,19	0,0,6,0,0	298	149
698	391,739,955,734	20,71,118,58	435,726,840,1126,700	74,118,112,162,109	219	149
699	0,0,3,0	0,4,6,1	0,0,0,1,0	0,0,0,0,0	216	149
700	4,2,13,7	0,0,0,0	6,0,2,2,4	11,0,0,4,0	210	149
701	41,123,141,104	2,0,0,2	26,30,19,17,21	21,5,10,26,4	238	149
702	135,170,389,234	16,21,96,43	106,134,125,228,126	0,2,3,2,0	231	149
703	690,1424,1832,1393	14,34,83,21	1167,1517,1666,1680,1495	20,15,21,31,26	290	149
704	0,0,4,0	0,2,5,0	0,0,0,2,0	0,2,0,0,0	298	149
705	0,1,22,8	0,0,6,0	0,4,32,0,4	0,0,0,0,2	298	149
706	0,0,2,5	0,0,2,0	4,0,2,0,3	0,0,0,3,0	298	149
707	268,468,248,122	16,13,18,33	36,410,501,276,359	42,14,6,45,39	278	149
708	62,90,110,152	2,3,7,4	163,284,305,194,250	1,2,13,0,5	298	149
709	57,88,89,135	0,0,17,0	156,182,198,179,185	6,4,0,0,4	225	149
710	515,926,846,868	12,7,17,21	373,518,468,561,542	59,38,80,76,62	298	149
711	716,1324,1356,1191	24,161,128,146	606,913,875,945,864	181,200,235,244,204	298	149
713	16,33,22,21	11,18,42,81	33,32,10,38,13	4,7,8,8,6	254	149
714	16,33,22,21	15,15,28,23	33,32,10,38,14	6,3,6,2,0	257	149
715	819,1519,632,1425	78,201,188,166	404,628,522,601,439	155,156,84,47,121	278	149
716	96,178,210,287	2,8,6,2	113,230,199,329,177	20,30,25,43,43	245	149
717	94,176,201,287	9,2,10,4	109,230,198,320,175	4,33,24,27,35	242	149
718	738,1680,1671,1343	54,121,64,136	1212,1920,1889,2200,1813	44,94,55,84,214	233	149
719	29,46,71,46	0,4,0,0	123,120,104,119,73	8,0,2,0,4	237	149
720	1,8,20,262	14,64,41,94	1,0,4,11,0	2,2,2,1,11	218	149
721	62,175,231,134	6,28,42,15	258,275,278,304,364	29,79,68,83,46	209	149
722	3,22,35,15	9,0,0,2	14,24,16,43,45	0,0,0,0,0	214	149
723	43,100,81,116	79,156,279,242	63,91,85,111,94	19,28,66,97,87	221	149
724	0,0,16,2	0,0,0,0	192,101,11,398,6	0,0,0,14,0	254	149
725	116,189,199,226	0,2,6,10	247,295,271,348,264	6,11,4,13,0	218	149
726	25,56,33,67	0,2,0,3	181,100,110,145,149	0,0,0,0,0	298	149
727	4,10,22,0	117,239,216,173	14,5,1,13,3	324,482,533,611,696	224	149
728	231,466,394,412	2,2,12,10	326,384,315,391,473	6,12,7,12,6	256	149
729	5,32,64,72	3,13,67,8	37,23,32,40,26	19,38,72,52,18	223	149
730	98,282,202,612	42,157,39,22	40,134,45,94,112	7,72,0,3,23	225	149
731	27,140,297,872	24,34,0,39	14,22,18,47,12	0,0,2,0,0	238	149
732	35,146,263,839	8,64,0,7	6,24,22,35,22	4,10,0,0,0	298	149
733	14,120,83,893	0,2,0,8	0,8,0,21,2	0,0,0,2,0	298	149
734	91,236,257,197	104,282,207,194	231,245,401,367,323	273,326,287,458,271	226	149
735	476,286,913,1159	165,395,518,310	114,259,100,309,144	345,421,423,494,341	246	149
736	441,677,482,857	127,277,425,256	145,433,249,343,229	62,115,58,142,70	255	149
737	7,67,96,94	0,6,35,6	53,33,89,78,29	0,0,0,0,0	291	149
739	8,8,655,12	99,214,193,253	429,79,62,59,991	249,789,251,776,434	298	149
740	4,21,1324,14	0,4,151,0	569,55,58,28,1536	106,589,32,582,557	298	149
741	11,18,1310,99	96,165,0,7	657,267,378,191,1556	2,285,0,183,0	298	149
742	388,786,1385,96	0,0,11,477	727,255,378,191,1806	125,304,102,170,0	298	149
743	45,34,20,40	45,105,96,116	70,80,57,119,88	42,89,54,110,71	212	149
744	18,20,47,45	0,0,0,3	40,59,49,90,51	0,0,0,2,0	298	149
745	8,44,117,42	14,30,62,45	59,74,84,139,93	27,55,37,22,31	298	149
746	86,134,149,92	33,52,63,46	76,177,135,164,84	64,29,116,80,75	298	149
747	358,873,487,772	128,236,557,209	602,961,873,1063,845	30,89,37,50,86	298	149
748	57,96,299,76	26,23,79,5	124,121,81,103,88	15,20,14,8,4	298	149
749	14,15,24,143	0,8,7,12	6,72,16,23,30	0,2,6,0,6	215	149
750	48,95,100,103	22,3,25,10	77,86,114,109,85	2,3,0,2,4	298	149
751	604,910,573,853	52,139,104,122	621,733,706,949,641	169,214,151,104,184	226	149
752	610,917,581,904	457,1036,793,1009	621,747,707,949,643	644,765,814,386,798	231	149
753	17,34,118,40	63,153,292,185	115,93,129,220,88	208,295,268,428,234	247	149
754	2,2,17,12	11,36,73,87	12,8,13,14,12	10,11,0,6,9	296	149
755	22,42,8,75	6,4,0,2	10,4,5,3,4	0,0,0,0,0	227	149
756	486,1023,1120,867	155,534,956,525	886,1112,1123,1347,1224	155,168,259,281,227	206	149
757	154,194,81,381	2,4,11,40	67,99,94,88,59	1,11,2,3,8	217	149
758	0,12,16,0	0,3,0,0	61,95,124,86,62	0,0,21,7,23	223	149
759	117,314,323,353	10,20,41,17	108,98,20,88,74	28,41,3,48,26	298	149
762	10,14,16,11	307,387,331,415	0,4,0,3,2	29,88,37,76,26	206	149
763	59,89,203,207	0,0,0,1	118,175,174,211,163	0,4,15,0,12	298	149
764	44,15,74,68	3,28,38,30	6,6,5,10,0	19,58,36,74,70	229	149
765	20,115,28,36	0,6,20,0	209,226,239,470,444	7,55,17,50,26	232	149
766	10,8,69,22	0,0,0,0	0,27,19,7,3	0,0,0,1,0	266	149
767	317,839,354,683	345,768,564,871	2303,3757,3525,4725,3655	902,1313,1171,1475,1322	223	149
768	239,546,551,432	111,289,443,271	615,734,798,971,813	350,415,365,512,361	251	149
769	242,403,368,453	53,85,35,103	234,500,269,519,396	201,258,364,326,255	265	149
770	34,186,295,285	63,0,6,182	10,11,23,53,22	13,19,19,18,17	239	149
771	1,4,6,0	0,0,0,0	30,18,20,14,33	12,6,2,13,12	214	149
772	292,260,155,764	20,27,29,30	21,154,238,40,33	24,147,109,66,24	288	149
773	168,402,204,266	35,27,46,23	45,86,94,216,53	12,43,56,50,13	234	149
774	68,297,250,175	0,0,0,0	26,71,65,108,59	0,15,16,0,2	278	149
775	8,26,30,80	24,24,21,77	11,4,6,6,11	0,2,0,0,4	234	149
776	316,1011,847,907	135,475,394,510	351,428,494,607,496	563,745,798,898,736	227	149
777	149,330,121,192	0,10,10,28	1111,922,840,624,782	0,3,8,27,21	242	149
778	146,304,115,175	0,4,4,8	1111,918,823,626,761	2,1,0,6,20	221	149
779	5,59,6,17	0,4,1,2	92,97,95,143,129	2,0,7,8,6	298	149
780	7,32,18,15	6,3,11,15	82,79,90,112,80	13,64,19,52,44	298	149
781	50,122,166,112	0,1,0,4	117,149,105,192,88	2,6,6,4,4	216	149
782	350,664,326,852	50,88,90,176	465,632,677,835,745	20,21,16,24,9	221	149
783	520,920,571,784	21,35,37,14	766,1059,945,1249,1124	14,36,27,49,43	298	149
785	338,873,661,711	78,142,378,206	634,791,693,885,752	92,172,122,143,155	216	149
786	488,1379,1149,1126	191,349,373,328	833,1291,1067,1130,1164	301,512,432,509,447	298	149
787	281,549,888,709	26,96,145,64	590,760,760,755,812	39,92,74,56,91	227	149
788	698,1703,2374,1774	30,121,317,144	1484,2201,1786,2944,2108	34,45,92,91,83	275	149
789	1128,2037,2010,2018	23,79,115,72	685,1086,695,1210,948	335,554,379,487,501	298	149
790	15,31,23,2	24,41,8,0	13,39,28,4,10	8,15,2,17,2	298	149
791	255,461,751,614	95,247,623,299	475,664,415,571,609	80,192,89,57,113	275	149
792	148,347,971,721	47,116,172,138	163,538,257,384,146	48,62,54,29,32	244	149
794	64,164,102,115	2,0,0,0	76,152,56,4,158	0,0,0,0,2	241	149
795	268,494,918,578	5,4,20,10	471,573,420,435,414	13,23,7,16,12	258	149
796	268,489,909,564	4,7,27,10	455,567,416,424,411	33,34,31,51,34	255	149
797	28,47,37,62	0,0,6,5	15,18,33,55,17	0,0,0,0,0	292	149
798	11,5,6,56	4,22,71,11	0,11,7,6,5	2,1,0,12,0	217	149
799	2,13,40,18	0,6,20,0	56,24,38,71,59	0,0,0,0,0	221	149
800	65,193,34,192	22,14,20,10	33,74,1,27,35	10,36,33,57,62	298	149
801	8,15,153,30	0,13,80,31	35,46,21,45,80	4,14,8,15,6	221	149
802	33,29,445,37	0,4,53,2	13,36,47,39,41	0,8,2,2,4	239	149
803	4,10,21,30	0,0,51,2	15,16,17,2,24	2,16,0,6,4	226	149
804	4,10,16,30	0,0,17,0	15,16,17,2,24	0,3,0,0,0	200	149
805	531,946,1470,1031	15,41,20,84	726,1109,837,1347,890	8,37,27,39,24	230	149
806	1418,3078,2629,2046	105,205,631,132	2337,1834,2130,2620,1360	45,20,25,44,5	281	149
807	15,27,65,27	171,284,597,467	32,27,40,55,38	320,541,369,518,466	257	149
808	107,213,82,79	8,32,14,14	66,137,147,158,126	20,43,55,17,17	210	149
809	135,283,175,304	28,93,192,75	113,416,349,357,281	165,364,215,195,357	298	149
810	119,158,85,30	131,293,123,97	51,176,172,224,101	1,13,2,32,6	211	149
812	98,202,172,142	12,5,28,21	72,149,144,109,81	14,10,2,2,3	227	149
813	116,269,94,434	1,0,17,7	18,98,26,24,43	0,0,0,0,0	298	149
814	315,864,455,579	62,321,156,324	300,411,446,461,422	151,232,237,222,210	227	149
815	84,262,325,208	2,8,13,12	131,302,168,227,186	9,15,13,26,32	212	149
816	642,1401,994,1391	58,91,139,135	1332,2064,1914,2704,2067	51,87,94,120,71	269	149
817	612,1304,949,1370	19,26,38,58	1327,2057,1883,2635,2013	7,35,30,47,23	227	149
818	608,1283,943,1344	48,90,179,185	1320,2045,1870,2625,2004	31,49,94,80,40	218	149
819	83,109,89,194	5,4,3,12	56,151,122,180,86	0,8,1,11,3	222	149
820	95,120,104,206	6,7,3,14	70,185,152,238,102	1,3,3,8,0	237	149
821	106,147,213,158	4,0,0,0	57,94,59,66,76	0,0,2,0,8	221	149
822	167,216,372,175	0,0,2,6	180,182,194,222,184	3,12,2,12,6	298	149
823	412,967,2238,1089	48,113,323,122	1038,1334,1106,1563,1247	57,72,121,151,105	208	149
824	99,326,93,37	4,21,10,0	139,147,58,204,196	20,16,2,29,13	241	149
825	1642,3746,883,3127	16,91,44,65	4840,8143,8029,7105,7757	133,107,167,202,192	227	149
827	127,83,44,204	4,24,7,12	11,22,10,6,8	33,55,88,30,76	230	149
828	98,212,103,159	53,157,81,78	292,276,323,380,355	38,51,32,47,50	298	149
829	362,2426,2703,1444	2,0,1,0	1716,1205,1144,2026,997	227,1,1,1,195	215	149
830	282,1723,1673,1030	10,32,43,64	1207,1085,878,1392,609	569,18,19,66,287	298	149
831	134,437,201,456	3,21,0,9	405,592,672,1092,741	24,49,45,91,58	275	149
832	52,125,47,118	0,11,0,4	110,234,195,323,253	15,8,0,8,20	298	149
833	75,168,97,175	7,11,4,3	196,248,241,493,288	9,5,8,13,11	298	149
834	95,266,122,209	2,6,10,7	321,358,284,666,360	27,55,28,58,20	278	149
835	49,162,73,171	6,17,0,12	156,283,259,471,331	1,5,0,4,0	298	149
836	54,141,92,166	0,8,0,0	209,281,253,595,342	11,4,0,1,3	298	149
837	153,258,199,190	12,11,54,45	210,315,226,298,334	7,18,8,12,14	215	149
838	371,623,312,661	195,339,250,359	974,1921,1331,2446,1555	241,552,386,776,424	215	149
840	0,1,6,0	4,0,16,0	2,7,4,0,0	6,1,0,9,0	298	149
841	0,18,101,22	6,7,126,10	8,10,11,7,11	0,0,0,0,0	237	149
842	100,266,197,352	84,158,85,64	251,339,346,460,451	164,291,134,406,253	269	149
843	27,66,35,119	4,0,0,6	100,193,163,233,191	10,21,19,36,0	298	149
844	190,331,207,250	14,29,46,39	93,76,66,112,73	19,15,21,6,19	212	149
845	200,310,240,241	36,132,157,130	208,298,270,468,246	52,108,109,84,53	212	149
846	96,69,79,206	0,33,8,28	21,38,27,41,18	2,8,6,4,0	226	149
847	5,53,8,40	0,0,4,0	48,64,23,93,63	2,8,0,4,7	222	149
848	139,258,243,790	33,85,6,3	348,510,578,299,519	97,138,135,42,38	298	149
849	46,76,55,85	25,49,14,52	174,212,329,171,151	10,167,11,19,14	298	149
850	38,121,104,198	0,2,0,0	389,606,568,317,657	10,0,3,67,4	258	149
851	28,90,68,147	10,23,64,30	307,449,423,239,453	3,24,3,21,36	222	149
852	96,195,224,318	53,165,14,276	576,928,795,355,1015	80,99,109,44,62	298	149
853	88,170,197,288	0,0,6,0	530,816,663,287,836	3,0,0,0,0	298	149
854	188,666,3764,1334	176,525,621,146	3111,2097,2109,1719,2137	1259,483,594,1007,749	298	149
855	76,159,2505,803	19,73,149,17	2300,1506,1475,1479,1337	72,25,60,94,40	263	149
856	199,167,142,361	45,96,95,82	9,59,43,63,34	47,51,61,57,58	298	149
858	8,12,97,50	0,0,7,2	66,93,61,109,99	6,15,29,26,11	246	149
859	7,12,91,42	0,0,7,0	53,83,39,78,82	9,0,4,7,19	226	149
860	8,4,97,50	0,0,2,2	68,99,65,115,112	26,14,37,64,90	250	149
861	7,12,91,42	0,4,12,2	55,89,43,84,93	5,12,23,14,13	230	149
862	6,4,90,49	0,2,17,0	76,97,81,127,138	0,0,9,12,23	274	149
863	7,12,86,43	0,0,11,0	63,89,59,96,123	0,0,0,2,10	254	149
864	126,203,174,243	37,44,28,58	65,101,73,124,78	0,1,0,6,4	212	149
865	179,231,84,231	120,193,64,226	120,292,185,274,192	58,147,52,155,113	298	149
866	257,470,163,501	12,37,71,28	492,842,434,901,732	23,118,8,106,43	298	149
867	2,9,29,29	6,32,4,79	35,20,12,53,12	26,7,4,0,12	212	149
868	10,26,69,71	2,3,32,11	9,42,34,41,65	0,2,2,2,0	235	149
869	14,36,117,134	0,0,0,1	30,60,59,49,97	0,0,0,0,0	298	149
870	270,609,422,581	12,46,81,21	564,874,801,992,821	0,2,2,4,8	245	149
872	150,292,737,388	34,235,441,199	317,330,509,466,456	62,101,96,79,129	206	149
873	431,866,769,782	43,142,83,98	861,1236,1156,1374,1123	119,172,213,281,169	233	149
874	12,30,62,22	41,125,94,51	15,21,23,24,30	8,19,14,24,20	237	149
875	0,0,0,6	0,0,0,0	15,50,46,10,4	0,0,7,0,0	221	149
876	1,4,103,22	0,2,0,0	10,10,72,6,20	1,6,9,0,0	278	149
877	2,0,3,6	0,8,2,0	2,2,2,6,8	0,2,0,6,0	210	149
879	150,259,220,315	6,17,31,26	198,357,194,288,215	33,70,12,41,24	298	149
880	17,59,24,54	26,54,33,38	25,21,20,34,31	31,79,66,95,66	209	149
881	56,19,37,197	211,424,378,518	41,39,52,58,29	30,80,25,23,43	233	149
882	66,192,361,222	71,193,373,168	239,328,340,392,276	159,137,91,170,86	227	149
883	475,856,1119,906	52,113,166,143	1808,1761,1657,2226,1697	72,115,138,133,151	233	149
884	101,276,352,246	9,24,20,10	548,496,387,617,392	29,39,32,24,21	230	149
885	62,173,264,156	5,9,5,7	334,426,356,685,524	2,12,9,16,2	227	149
886	310,615,599,548	16,9,6,14	146,206,122,176,129	0,0,10,0,1	245	149
887	65,98,146,95	0,0,0,0	27,75,82,83,87	0,0,1,2,0	298	149
888	44,76,95,95	0,0,0,0	22,59,53,98,67	0,0,0,4,0	298	149
889	29,41,56,57	0,0,0,0	20,41,30,50,48	0,0,0,5,0	298	149
890	16,13,30,15	2,2,8,2	14,24,22,19,12	0,0,0,0,0	295	149
891	23,20,8,0	0,4,2,0	2,16,29,7,5	0,0,0,4,0	219	149
892	0,20,22,0	2,5,8,2	13,1,1,5,6	1,7,8,0,3	222	149
893	15,66,57,30	0,2,12,0	77,79,52,47,92	8,0,4,2,2	298	149
894	0,24,29,14	1,0,4,0	11,7,24,21,18	0,0,0,0,0	236	149
896	8,5,4,8	0,2,0,0	2,11,0,12,2	0,0,0,0,0	248	149
901	33,31,62,83	2,2,13,8	8,19,28,32,21	0,0,0,0,0	253	149
903	18,35,60,73	0,0,10,0	51,74,83,68,84	6,1,5,0,6	264	149
904	204,392,201,592	2,2,0,0	66,79,49,56,25	0,0,0,0,0	298	149
905	408,1042,556,848	57,85,124,76	1209,1559,1377,1593,1686	51,75,200,89,80	230	149
906	63,122,48,102	0,2,4,4	38,13,5,5,21	0,0,0,0,0	298	149
907	139,226,194,286	9,9,10,44	48,83,46,45,44	0,2,0,3,0	259	149
908	149,397,186,362	131,287,301,242	542,598,477,553,490	162,172,161,255,269	298	149
909	0,0,6,8	0,1,4,12	7,10,2,14,6	2,6,2,3,0	232	149
910	632,959,297,713	52,72,38,57	116,186,204,216,175	16,7,13,27,19	212	149
911	360,804,718,1128	27,85,107,136	812,1411,1589,1614,1538	87,133,146,161,168	224	149
912	41,75,237,105	8,63,108,82	67,115,181,169,92	10,14,27,4,21	233	149
913	0,26,21,4	0,0,0,0	12,30,22,30,26	28,33,0,0,26	221	149
914	16,45,6,88	2,4,15,6	51,148,100,197,89	0,12,4,4,11	232	149
915	252,402,435,729	22,47,14,44	675,1009,815,1064,830	13,19,9,41,6	298	149
916	163,238,303,468	61,70,73,128	491,813,555,844,652	45,14,21,53,31	298	149
917	38,74,195,294	167,222,257,249	573,546,414,719,717	138,190,127,123,141	298	149
918	11,5,54,24	8,21,32,8	45,59,27,20,48	6,0,0,0,3	298	149
919	10,2,47,23	9,10,57,16	45,58,27,20,41	4,2,0,2,0	298	149
920	1,23,200,123	2,3,77,12	2,39,15,4,8	4,8,2,2,2	298	149
921	1,23,187,115	7,3,138,30	2,37,18,2,8	11,14,15,11,4	298	149
922	2,18,106,31	1,25,131,53	0,16,6,6,4	2,18,29,10,27	214	149
923	0,12,14,30	0,2,4,8	10,11,21,7,8	8,0,5,0,4	298	149
924	106,182,468,133	7,28,99,9	507,618,430,545,390	39,8,12,10,5	298	149
925	26,176,136,157	0,11,16,2	84,118,73,96,84	20,25,7,27,23	243	149
926	8,180,121,139	2,11,33,9	98,116,56,63,70	6,0,0,0,1	212	149
927	0,2,20,6	0,2,0,0	5,6,0,8,1	0,0,0,0,0	298	149
929	2,10,14,23	0,2,2,4	17,3,0,3,2	0,1,0,4,6	298	149
930	2,8,43,4	0,0,15,0	0,0,5,4,8	0,0,0,0,0	298	149
931	1,0,7,4	1,0,1,0	7,2,7,3,1	0,2,0,0,0	298	149
932	3,7,59,43	10,9,85,11	10,8,6,5,22	0,0,4,10,2	224	149
933	12,20,29,24	0,0,6,0	25,55,25,40,27	0,2,0,0,2	298	149
934	13,10,10,13	4,0,8,0	23,50,26,41,42	0,2,0,0,0	217	149
935	9,6,15,1	0,0,8,0	14,8,12,18,5	4,8,0,0,4	236	149
936	23,43,73,115	41,43,216,24	66,105,43,117,32	128,203,158,243,153	247	149
937	65,169,445,322	0,21,52,16	341,524,488,651,378	10,10,13,49,23	298	149
938	69,178,440,176	2,3,63,5	404,523,406,564,412	8,32,16,19,47	228	149
939	31,47,93,87	4,16,82,6	158,223,120,159,83	57,52,53,84,76	273	149
940	0,0,1,0	0,12,12,0	0,7,0,11,0	0,4,3,1,0	228	149
941	21,36,74,45	2,2,33,0	26,55,23,61,41	10,15,13,5,0	258	149
943	1032,2777,2239,2101	192,284,199,285	1308,2090,1545,1949,1904	65,100,74,117,157	179	149
944	439,1248,1158,838	69,253,203,217	1179,1623,1643,1817,1558	56,104,104,125,78	245	149
945	130,430,276,357	17,74,50,77	278,234,299,356,307	10,14,16,36,11	238	149
946	40,109,195,147	2,34,12,10	120,160,165,277,166	23,21,4,38,13	249	149
947	142,213,291,303	0,0,3,0	337,352,373,640,370	0,0,0,0,0	298	149
948	227,500,430,851	7,16,2,13	410,528,429,686,667	1,0,2,11,3	298	149
949	38,49,23,135	0,24,10,20	11,14,30,22,6	0,0,0,2,0	234	149
950	1164,2598,2609,2534	335,683,424,582	1420,1805,1879,2325,1716	34,64,76,79,93	233	149
951	19,49,57,55	0,2,14,0	68,78,69,147,93	0,0,0,0,0	290	149
952	18,49,42,56	1,4,37,16	67,74,68,143,84	6,0,6,10,4	287	149
953	19,58,75,70	0,13,23,26	86,106,111,173,119	3,10,24,43,8	298	149
954	132,232,393,273	12,22,20,13	367,461,347,564,412	28,8,11,10,14	298	149
955	2,4,10,0	4,0,8,2	13,6,6,14,9	1,4,11,22,0	256	149
958	42,220,74,84	0,0,0,0	78,61,68,62,64	0,0,0,0,2	202	149
959	2,7,17,13	0,1,0,0	352,333,314,210,186	2,0,0,0,0	212	149
960	34,61,36,22	2,5,22,0	57,90,40,58,93	4,0,0,0,0	231	149
961	180,540,439,448	0,0,2,0	488,510,564,526,671	14,2,19,11,0	298	149
963	4,6,3,6	6,0,0,4	8,9,18,0,2	7,0,0,0,0	298	149
964	0,16,90,2	2,3,206,11	5,10,7,0,6	0,2,6,10,2	206	149
965	82,77,50,94	49,80,98,137	215,260,267,510,378	293,427,263,683,484	271	149
966	0,0,0,2	0,2,2,0	10,2,18,10,3	4,0,17,3,2	218	149
967	0,1,6,2	0,0,0,0	14,12,32,22,7	1,0,2,2,9	298	149
968	6,0,3,2	0,0,4,0	20,12,29,8,10	1,6,4,4,2	266	149
969	0,0,1,0	0,0,0,0	0,12,6,5,8	0,0,2,0,2	225	149
970	143,348,309,348	7,17,6,21	223,362,341,424,333	6,25,14,31,16	248	149
971	6,62,55,26	0,0,0,0	7,10,14,13,12	2,0,8,4,0	257	149
972	396,707,798,1174	52,100,108,152	587,823,747,683,738	152,143,130,207,169	209	149
973	11,55,76,13	2,10,0,6	6,2,9,6,11	0,4,0,0,0	253	149
974	54,110,82,137	52,94,39,53	4,2,10,1,1	0,1,0,0,2	246	149
975	289,694,630,518	184,467,1050,580	628,755,809,1014,869	499,594,637,626,592	248	149
976	0,5,0,0	66,138,214,125	0,1,1,5,4	194,223,287,309,277	230	149
977	2,3,67,10	0,0,11,0	28,36,10,41,26	6,2,0,6,0	298	149
978	0,2,27,4	6,0,4,0	4,3,2,5,0	2,3,0,0,6	243	149
979	2,0,6,0	0,0,0,0	4,2,2,40,2	4,0,0,3,0	221	149
981	2,0,26,0	0,0,11,0	5,14,0,2,16	2,9,0,0,2	255	149
982	4,23,31,14	204,213,205,279	6,9,9,10,6	38,67,54,113,48	221	149
983	94,89,93,114	2,2,1,3	50,124,114,119,98	22,19,3,10,15	249	149
984	85,89,93,114	41,4,0,8	50,124,114,119,98	0,2,30,0,2	207	149
985	246,696,723,767	14,31,113,27	294,536,252,550,439	0,0,8,0,0	224	149
986	256,703,731,776	15,33,153,27	295,538,252,553,439	0,10,0,0,4	233	149
987	53,150,125,216	6,18,14,31	36,131,85,95,98	29,47,32,39,65	224	149
988	8,23,25,2	8,30,61,0	28,38,29,79,69	29,12,23,35,59	298	149
989	29,82,178,47	0,16,35,0	174,188,150,247,285	6,2,1,4,9	298	149
990	18,48,141,13	2,11,61,0	28,69,31,46,129	6,8,12,37,79	298	149
991	16,48,85,11	0,0,4,3	18,67,29,31,95	8,1,0,9,0	298	149
992	151,383,113,320	86,273,113,193	166,364,254,435,289	223,362,352,515,300	267	149
993	198,553,153,432	40,177,86,129	333,529,445,615,489	52,85,82,180,69	298	149
994	84,104,83,160	9,6,10,55	20,66,41,53,38	2,2,0,0,0	255	149
995	6,14,122,8	0,2,0,2	10,14,11,4,16	0,0,0,0,1	212	149
996	27,15,170,6	2,10,55,24	19,29,33,27,24	14,17,9,2,3	298	149
997	63,132,127,225	4,13,13,2	126,91,133,191,127	13,11,32,28,45	215	149
998	157,521,319,367	14,23,18,22	381,518,591,717,581	1,16,22,26,9	224	149
1000	14,38,23,39	3,20,0,3	4,25,20,48,40	0,5,0,2,0	298	149
1001	201,367,111,354	6,10,2,6	32,90,45,102,73	0,0,0,0,8	298	149
1002	1486,547,426,491	56,477,577,514	260,409,350,491,1654	287,522,380,464,254	221	149
1003	2029,817,709,802	45,204,213,238	363,463,546,1017,2449	118,212,153,311,114	298	149
1004	1659,532,506,501	0,3,0,8	287,427,380,602,1788	0,1,1,7,1	257	149
1005	1212,2058,3514,1278	271,301,542,200	1626,947,1766,1846,2216	315,1510,347,3503,350	185	149
1006	1273,1354,664,1026	3,6,4,8	638,2014,1295,1222,1359	2,4,5,1534,4	179	149
1007	1759,899,13,688	65,4,186,2	295,687,749,1182,695	67,237,14,290,4	221	149
1008	2306,1248,39,980	1,10,1092,2	430,1301,1181,992,1147	391,10,6,97,6	269	149
1009	2309,1836,3019,1146	0,252,10,130	1371,782,1540,1469,1987	44,106,176,127,107	298	149
1010	2028,899,15,704	7,25,6,161	295,697,749,1183,695	46,118,129,62,35	251	149
1011	301,558,413,531	94,205,156,194	208,364,179,352,248	3,4,10,19,15	212	149
1012	764,1839,1348,1585	47,107,234,198	1402,1627,1703,2065,1956	40,30,53,91,49	209	149
1015	20,0,11,44	26,2,21,71	0,2,1,2,0	0,0,0,0,0	298	149
1018	8,29,43,39	2,12,1,12	47,57,65,49,52	12,25,12,42,22	233	149
1020	2,0,42,2	0,0,28,0	2,21,17,8,2	0,0,2,0,0	298	149
1021	2,0,45,2	0,0,1,0	2,18,10,4,4	0,0,0,0,0	298	149
1022	2,2,24,4	2,0,71,0	1,10,8,2,11	11,52,5,11,14	276	149
1023	697,983,429,1615	84,156,152,185	235,491,357,372,420	12,65,69,62,52	298	149
1024	2277,4206,2532,3644	63,108,298,144	4127,7178,6726,9033,6796	41,32,62,94,64	230	149
1025	6,22,33,22	13,11,33,4	39,62,53,40,87	22,54,48,42,37	212	149
1026	80,118,213,175	37,37,150,90	139,175,201,212,142	164,215,167,248,171	258	149
1027	0,0,6,1	0,0,14,55	18,0,2,0,6	18,0,18,28,32	219	149
1028	0,2,163,0	4,0,42,6	4,6,0,4,0	0,0,6,0,0	262	149
1029	0,9,239,0	0,2,13,0	3,6,4,11,0	0,12,4,2,0	298	149
1030	0,17,191,0	0,0,18,2	0,0,6,12,0	1,2,0,4,0	298	149
1031	24,103,76,71	19,17,10,39	207,338,367,438,300	26,56,11,78,46	298	149
1032	12,85,35,42	7,29,2,14	113,257,249,295,214	69,51,57,133,115	298	149
1033	4,94,16,25	0,0,0,0	138,212,162,114,153	0,38,36,89,15	298	149
1034	9,13,0,9	0,0,0,1	7,18,8,5,3	0,8,1,0,5	298	149
1035	984,2779,4070,2264	39,231,565,118	2435,2908,2830,3135,2874	95,127,111,93,126	245	149
1036	8,3,14,6	0,0,12,0	0,2,4,4,0	0,0,0,0,0	298	149
1037	4,18,1,4	0,6,0,0	8,0,10,27,12	0,0,0,0,0	218	149
1038	273,35,92,1085	32,8,18,331	74,35,249,312,41	40,10,224,326,39	298	149
1039	44,50,2,11	0,11,2,10	16,14,81,44,8	6,18,26,51,12	298	149
1040	272,643,147,426	17,25,30,14	592,375,390,493,224	168,92,72,61,32	298	149
1041	3,2,23,21	0,0,0,2	15,27,11,26,14	2,3,0,7,0	234	149
1042	77,161,143,204	2,2,2,2	121,163,196,195,141	6,6,4,34,0	253	149
1043	22,87,205,48	5,0,8,0	115,196,199,184,116	0,0,0,2,2	298	149
1044	16,182,63,227	20,153,65,20	29,97,72,108,35	14,23,35,64,41	254	149
1045	9,29,6,25	6,9,1,0	0,16,6,5,23	1,0,1,0,0	286	149
1046	48,220,89,150	0,4,2,0	57,72,85,84,87	0,0,0,0,0	298	149
1047	48,279,110,149	0,14,24,0	65,77,107,117,99	10,37,17,36,14	278	149
1048	114,599,183,307	2,44,10,17	179,183,251,318,301	4,23,10,15,4	298	149
1049	57,285,92,181	0,0,0,0	79,94,139,157,148	0,0,2,0,0	298	149
1050	57,351,120,185	0,0,0,0	89,100,164,200,160	0,0,7,0,0	298	149
1051	74,426,130,586	120,412,108,0	418,346,451,377,483	0,261,146,226,144	260	149
1052	21,51,7,42	4,23,6,17	10,12,17,22,27	0,0,0,0,0	264	149
1053	8,0,0,0	3,2,0,4	4,0,0,4,0	8,12,12,9,9	253	149
1054	0,0,0,0	0,2,0,2	2,3,0,14,2	0,2,10,9,0	224	149
1055	21,84,39,42	2,24,8,23	38,92,49,97,76	20,35,16,25,20	298	149
1056	437,967,457,405	15,30,18,31	479,868,734,925,746	6,21,24,16,23	296	149
1057	334,691,724,565	13,68,36,36	802,1290,804,1110,996	4,32,6,24,18	298	149
1058	3,26,14,24	0,12,1,4	15,20,12,13,26	6,2,7,0,36	298	149
1060	27,161,70,154	6,3,0,37	154,234,277,415,201	10,0,14,9,0	265	149
1061	343,615,1618,700	14,77,157,126	517,772,920,1022,678	18,20,73,31,20	224	149
1062	34,69,16,96	0,16,0,4	112,229,208,258,190	23,36,28,39,62	228	149
1063	754,1471,2626,1182	1101,2149,2644,2144	3549,4643,4261,5311,4424	373,432,527,608,461	239	149
1064	11,0,3,10	2,0,0,8	2,22,0,2,0	0,4,0,0,0	228	149
