ID	IJC_SAMPLE_1	SJC_SAMPLE_1	IJC_SAMPLE_2	SJC_SAMPLE_2	IncFormLen	SkipFormLen
0	82,141,91,178	0,6,1,0	133,304,271,537,325	0,4,1,2,2	1600	149
1	911,3169,941,2055	0,8,2,7	1196,1891,1208,1569,1845	0,2,0,0,0	2913	149
2	2,21,50,36	0,12,19,7	5,24,33,35,25	4,12,2,18,26	340	149
3	20,57,103,110	0,2,0,0	10,38,37,52,25	0,1,0,1,0	676	149
4	18,36,62,89	2,14,42,2	6,14,6,15,2	10,22,10,40,29	388	149
5	0,0,0,0	0,2,0,0	0,0,0,2,0	0,0,0,0,0	226	149
6	1,2,20,7	0,0,29,12	8,11,2,0,2	1,10,7,0,3	222	149
7	0,2,50,41	0,0,3,0	11,18,30,14,19	0,0,1,0,4	640	149
8	0,7,36,18	6,5,101,25	8,12,18,27,14	14,20,22,19,21	212	149
10	298,614,169,229	24,48,17,32	872,946,889,1164,1131	45,22,25,28,36	250	149
11	2,4,5,19	4,0,26,22	2,0,0,5,4	0,0,0,15,1	236	149
12	23,52,85,77	1,6,0,2	9,6,11,15,4	0,0,0,0,0	310	149
14	42,32,27,107	4,5,13,16	0,5,6,23,8	6,10,10,0,0	224	149
15	74,60,74,167	10,11,17,21	26,40,41,27,16	4,0,0,3,0	326	149
16	9,12,26,39	20,25,42,20	1,3,2,14,8	0,4,0,0,2	238	149
18	46,148,312,133	2,29,60,22	293,264,166,359,239	54,57,72,94,52	224	149
19	1589,3191,1584,3045	36,98,52,85	1369,2510,1628,2425,1704	25,21,57,69,32	281	149
20	1079,2129,1371,2146	86,211,453,494	1691,2182,2422,2673,2373	10,5,15,17,14	215	149
21	0,11,35,21	0,5,6,5	36,8,65,106,97	10,8,3,9,2	437	149
22	347,651,1150,587	2,16,99,16	600,743,610,807,672	0,3,6,7,0	245	149
23	2701,6691,4134,5944	117,182,803,208	4439,5856,5321,6088,5970	130,177,213,166,159	1065	149
25	1181,2480,980,2906	11,46,32,5	807,2556,3067,4184,1112	2,22,12,29,23	367	149
26	82,262,77,290	347,798,577,803	170,323,202,293,171	250,337,309,368,231	225	149
27	1614,4355,6972,2131	152,347,717,198	6734,4072,4816,5003,3789	1720,838,648,894,703	236	149
28	47,89,73,60	9,13,4,20	60,64,89,39,91	2,13,0,4,6	227	149
29	0,5,45,64	28,45,0,0	17,98,24,37,94	11,0,23,43,0	194	149
30	3,7,19,0	66,176,147,177	9,8,7,14,10	159,207,201,251,203	230	149
31	0,9,20,1	34,35,83,66	39,7,7,22,12	100,122,150,125,82	224	149
32	324,618,923,513	5,10,27,9	217,390,245,408,264	8,6,1,7,3	220	149
33	273,159,192,419	0,9,0,14	1,10,19,33,6	0,3,0,0,0	247	149
34	1974,4711,3346,3563	0,0,7,1	2544,3091,2548,2815,2675	9,3,14,4,3	248	149
35	16,43,110,91	0,0,6,0	85,88,57,95,90	5,4,4,11,3	227	149
36	48,113,142,197	24,35,108,34	87,152,92,145,113	64,79,40,64,65	218	149
37	46,155,188,136	2,6,15,20	177,194,186,310,196	13,48,25,13,7	239	149
38	15,107,164,119	4,18,16,16	49,62,58,87,36	0,4,10,1,6	400	149
39	82,249,237,218	28,99,78,100	139,116,182,349,176	91,47,71,99,71	212	149
40	164,451,425,388	35,154,192,171	264,260,289,589,371	9,21,29,22,13	284	149
41	170,480,399,407	0,9,17,11	197,230,242,369,274	2,4,2,0,9	235	149
42	162,408,393,438	1,26,49,30	250,482,609,552,279	12,14,31,17,28	219	149
43	643,989,669,1346	138,404,192,553	1201,1721,1711,1908,1540	732,977,894,800,762	274	149
44	808,1483,3552,1846	2778,5149,6927,6419	2088,2447,2288,2668,2616	4567,5287,5620,6772,4991	263	149
45	5,27,10,34	113,258,113,343	82,53,170,199,138	546,468,781,818,638	215	149
46	49,149,36,146	1827,2714,2192,2586	26,21,37,20,61	327,468,498,579,364	248	149
47	118,488,398,486	10,36,77,51	490,514,493,681,553	0,9,2,1,2	233	149
48	2692,4759,4065,5647	661,977,958,791	6118,8622,7847,9515,8994	50,34,96,109,43	1077	149
49	431,1145,455,949	124,300,135,332	458,611,463,635,459	211,244,316,251,255	227	149
50	464,1232,498,1021	30,103,31,113	481,690,509,685,523	39,69,69,80,70	230	149
51	322,550,307,474	10,22,12,5	167,268,107,132,163	10,1,2,2,0	230	149
52	38,105,8,89	2,10,1,2	32,21,31,50,0	0,0,5,6,0	243	149
53	41,108,9,96	53,106,32,140	45,21,37,60,0	24,34,47,111,0	256	149
54	192,562,455,588	8,35,259,19	295,406,448,476,446	38,44,32,61,81	380	149
55	94,57,126,145	1,38,34,10	10,18,17,54,6	20,28,17,21,8	233	149
56	2,13,4,12	4,10,0,0	2,13,0,0,8	0,0,0,0,4	275	149
57	183,415,70,142	61,145,56,62	334,775,467,686,927	112,260,192,182,166	1107	149
58	0,18,29,3	0,0,12,0	0,2,4,14,4	0,0,0,0,0	206	149
60	141,56,27,194	0,2,0,23	28,91,91,91,78	0,0,0,2,0	231	149
61	0,0,4,7	0,0,0,0	10,9,0,11,6	0,0,0,1,0	312	149
63	82,191,369,241	11,32,80,72	271,414,353,574,338	13,7,23,37,32	459	149
64	0,1,0,9	1,18,4,7	0,1,6,4,0	0,0,0,0,0	225	149
65	1,5,14,2	6,14,23,0	0,0,0,0,2	2,0,0,0,0	235	149
66	40,72,58,16	8,10,101,2	6,0,0,1,2	0,10,0,0,0	810	149
67	54,61,55,157	1,0,2,0	63,70,79,71,50	4,0,0,0,0	305	149
68	0,0,0,3	41,95,47,73	0,1,0,0,0	61,61,119,81,77	215	149
69	7,26,43,25	2,3,10,3	2,11,1,17,17	0,0,4,1,0	244	149
70	6,22,36,18	1,2,1,0	1,11,1,10,17	0,0,4,3,0	215	149
71	267,679,598,582	4,6,24,7	295,574,441,690,428	19,11,16,38,34	284	149
72	109,254,1131,373	5,6,9,0	186,310,206,307,291	0,4,4,6,7	769	149
73	10,32,204,19	0,0,100,0	18,71,13,5,6	4,2,0,7,4	239	149
74	6,31,12,35	8,8,11,17	7,14,21,18,8	2,0,1,10,2	289	149
75	7,20,22,127	1,0,0,6	2,25,14,11,4	0,0,0,0,0	219	149
76	247,465,281,452	68,77,246,115	66,151,106,132,103	31,58,54,68,66	325	149
77	20,61,57,93	2,4,18,19	19,12,33,73,29	0,4,2,5,2	269	149
78	129,158,118,323	6,1,4,14	89,75,82,95,105	2,0,0,0,1	740	149
83	4,5,0,3	0,0,0,0	0,2,0,8,0	0,2,0,0,0	1052	149
85	0,0,0,0	0,0,2,1	0,2,10,0,8	0,20,3,0,0	203	149
86	0,8,10,7	2,0,22,0	0,8,12,12,0	0,2,2,2,0	207	149
87	37,163,310,197	29,71,150,79	171,184,191,239,177	210,358,189,446,414	230	149
88	6,27,48,81	0,0,0,0	9,61,17,24,21	0,1,0,0,0	380	149
89	1,0,23,1	1,16,0,0	8,4,0,2,6	0,2,0,12,1	336	149
91	2,2,7,2	0,0,20,0	0,2,4,2,2	0,4,0,7,2	223	149
92	260,232,258,620	3,1,15,7	75,152,149,178,99	0,2,0,6,0	389	149
93	393,801,1300,595	31,51,177,59	772,864,904,1087,769	45,68,70,91,41	210	149
94	19,32,62,17	100,330,120,190	16,28,25,51,50	219,548,278,448,460	150	149
95	108,205,195,250	14,17,16,9	185,303,250,317,366	8,61,30,28,50	209	149
96	1233,4694,2367,4331	0,11,0,8	1659,2975,2773,3602,2537	0,4,0,0,0	1206	149
97	316,1492,762,1545	15,93,18,111	510,667,621,933,596	46,26,48,29,43	649	149
98	1336,5006,2552,4590	2,0,2,8	1764,3077,2995,3849,2672	0,4,4,0,0	1287	149
99	419,1804,947,1804	52,276,104,183	615,769,843,1178,731	147,315,352,457,335	730	149
100	1669,6061,3195,5683	61,152,132,78	2185,4168,3886,5061,3344	36,28,51,60,35	1596	149
101	752,2859,1590,2897	36,40,32,30	1036,1860,1734,2392,1403	32,19,36,47,20	1039	149
102	189,260,72,389	42,149,65,83	85,113,67,125,25	11,35,7,25,22	406	149
103	434,751,370,1021	47,108,228,198	402,483,198,356,376	70,165,138,260,135	307	149
104	4,4,1,1	12,6,19,6	27,44,26,73,18	51,39,51,79,97	281	149
105	103,51,62,133	4,23,28,7	15,11,12,26,4	0,0,0,0,0	323	149
106	0,0,3,0	0,0,13,0	2,4,6,0,5	0,6,0,0,0	268	149
108	29,35,57,91	0,0,2,4	11,10,10,33,6	0,0,0,0,0	233	149
109	67,156,242,209	3,22,73,13	208,340,231,175,359	51,163,53,61,35	706	149
110	104,422,288,405	91,288,255,201	51,159,104,214,161	258,155,148,355,101	230	149
111	6,57,129,70	239,632,1475,478	49,32,25,63,46	392,418,318,406,473	215	149
112	487,1329,1121,1117	4,30,18,18	1306,1786,1636,2027,1814	15,14,15,12,22	242	149
113	385,366,332,482	8,27,17,14	591,647,581,1082,694	12,27,23,30,13	242	149
114	25,30,34,82	0,10,126,2	12,19,16,19,15	0,1,4,0,4	247	149
115	9,21,12,19	0,0,2,0	21,21,41,14,35	0,0,0,0,0	379	149
117	0,14,233,46	0,0,43,0	55,85,78,135,80	46,39,34,51,67	662	149
118	8,22,6,18	0,2,2,0	16,54,29,34,31	1,0,4,1,2	230	149
119	40,82,118,128	0,0,0,1	66,168,101,89,154	0,0,0,0,0	1655	149
120	26,77,104,104	0,0,0,2	59,140,84,73,125	0,0,0,0,0	1391	149
121	6,30,19,16	0,0,4,2	25,38,21,13,22	0,0,0,0,0	687	149
122	17,14,19,43	0,5,27,18	12,17,39,23,14	34,28,22,30,25	440	149
123	14,22,2,7	1,4,0,3	36,33,45,58,42	0,13,5,6,7	215	149
124	2,2,12,0	0,4,0,0	22,24,16,26,22	0,6,4,2,2	256	149
125	209,419,569,397	2,2,70,16	65,166,95,168,107	0,2,0,0,0	235	149
126	50,41,50,95	5,1,4,2	19,46,23,52,15	1,4,0,7,3	220	149
127	46,75,31,43	0,2,9,0	35,30,40,68,34	0,0,0,6,2	342	149
128	47,21,110,47	0,0,0,0	20,43,20,15,36	0,0,0,4,0	233	149
129	242,518,502,431	0,10,5,3	374,594,613,614,617	46,39,63,53,69	360	149
130	111,226,241,117	0,5,8,4	237,279,256,266,377	9,0,4,14,4	230	149
131	232,566,544,651	25,9,46,14	733,1188,1212,1234,1367	47,33,38,30,56	988	149
132	150,577,657,392	0,0,0,0	454,697,718,705,685	0,0,1,1,0	519	149
133	246,402,286,311	74,133,247,109	96,113,146,155,171	106,121,151,151,86	237	149
134	789,2251,2378,1880	37,80,134,40	1762,2007,2119,2310,2227	39,56,97,94,64	245	149
135	2,5,59,1	2,8,38,10	2,0,2,2,4	10,15,10,26,8	212	149
136	1,0,106,8	7,10,10,0	0,2,2,0,8	0,0,0,0,0	206	149
137	113,627,1160,725	0,0,10,0	184,135,96,102,101	0,0,0,0,0	2199	149
139	26,114,136,44	0,0,8,0	58,129,114,180,112	0,0,0,20,2	230	149
140	1115,1593,361,847	24940,40627,8496,43584	151,196,211,191,166	3579,4713,5065,6200,5027	209	149
141	122,304,496,364	2,4,10,10	96,349,285,235,309	8,2,6,16,22	460	149
143	1743,3400,2080,3552	82,209,133,287	1281,2405,1819,1948,1760	102,245,221,208,171	241	149
144	1873,3629,2163,3834	21,119,102,131	1343,2500,1909,2049,1866	85,124,109,101,76	268	149
145	0,1,18,0	0,0,42,39	9,3,2,1,4	9,4,3,11,2	302	149
146	2,6,333,848	2,439,0,0	12,7,320,671,38	176,651,251,361,641	236	149
147	2,131,560,1136	64,2,0,0	31,129,517,1117,133	13,0,0,0,0	317	149
148	201,348,1150,606	0,22,0,1	397,968,1465,3493,803	3,34,7,30,31	803	149
149	2,25,0,16	21,63,15,16	14,2,0,4,4	7,4,8,7,2	239	149
150	96,268,286,352	0,0,5,0	156,165,241,470,203	0,14,29,60,0	3050	149
151	92,268,285,352	0,0,0,0	156,163,233,459,203	2,0,1,2,2	3002	149
152	6,0,54,6	0,4,30,0	12,23,19,18,45	38,32,16,25,15	254	149
153	33,5,112,65	8,119,53,29	0,0,4,8,0	0,0,0,0,0	233	149
154	499,728,1330,792	72,168,385,80	494,717,311,691,694	116,204,160,201,140	469	149
155	21,154,22,52	79,289,30,164	117,122,173,191,219	4,31,26,68,50	219	149
156	26,158,22,61	26,87,6,51	117,125,176,192,220	7,5,34,26,25	222	149
157	63,138,206,145	28,14,34,13	160,210,185,235,244	36,48,58,37,21	236	149
158	11,17,28,10	3,5,11,3	22,54,29,45,24	20,32,14,7,1	292	149
159	0,6,21,12	2,0,29,8	0,1,13,2,0	7,7,16,4,2	239	149
160	72,269,33,259	4,46,6,33	132,118,116,238,265	33,8,10,25,40	228	149
161	749,2546,47,2449	0,8,473,0	1390,2276,1648,3214,4072	141,238,122,1600,0	182	149
163	81,19,12,318	0,2,4,16	4,9,66,49,19	0,0,12,0,0	233	149
164	50,59,37,46	0,1,6,3	46,62,71,62,130	13,28,16,8,8	217	149
165	151,115,342,110	54,10,4,20	140,296,322,158,229	6,28,55,17,10	1096	149
166	463,1123,646,1264	0,0,0,2	1691,2242,2365,2702,2309	8,19,27,20,8	353	149
167	285,526,229,746	22,34,41,21	144,249,203,216,208	58,132,31,52,53	252	149
168	281,492,212,714	9,11,30,1	142,221,191,193,194	6,5,0,11,1	248	149
169	426,618,760,879	8,2,33,11	916,1289,1244,1941,1414	2,12,2,19,22	216	149
170	2,0,6,4	0,19,22,17	5,16,11,6,2	27,20,3,9,11	588	149
171	1,19,40,4	8,2,0,0	4,8,14,10,3	0,3,0,2,0	240	149
172	312,841,1036,621	5,6,44,14	633,856,828,1127,935	4,16,17,6,12	242	149
173	256,415,450,622	18,30,33,44	175,194,274,252,326	22,58,37,64,61	350	149
174	106,208,142,177	20,10,61,12	352,448,364,522,364	8,27,23,18,5	227	149
175	4,26,12,10	7,6,0,0	0,12,16,22,4	2,0,4,2,10	223	149
176	15,11,46,52	21,29,106,30	6,13,15,12,20	2,2,0,5,0	223	149
177	17,51,66,36	0,6,14,15	6,17,19,10,12	0,0,0,0,0	205	149
178	23,71,134,112	14,18,53,11	40,26,57,66,104	0,0,1,0,0	379	149
179	47,132,112,130	0,2,2,1	14,86,27,66,44	0,0,0,0,0	233	149
180	102,227,299,312	6,24,124,13	238,385,221,472,231	13,5,12,13,16	1094	149
181	2,4,0,0	2,0,0,0	18,14,13,11,34	34,10,6,6,4	222	149
182	938,2081,3622,2042	63,214,478,230	2587,2650,2360,3186,2843	405,454,708,659,611	227	149
183	402,758,1932,743	31,39,231,55	75,206,137,121,142	15,12,15,6,8	335	149
184	6,2,11,19	5,0,2,10	2,0,6,5,0	1,0,2,0,0	239	149
185	726,1427,1752,1336	96,185,406,211	1282,1885,2066,2660,1897	75,147,173,316,115	245	149
186	42,94,179,87	13,17,19,19	78,99,100,75,80	43,33,44,63,42	338	149
187	190,433,574,374	10,16,50,26	611,633,489,690,732	22,23,22,70,40	248	149
188	15,17,2,14	81,159,122,215	34,38,38,58,31	86,133,92,142,86	209	149
189	2,31,23,27	24,48,18,59	38,84,37,84,41	27,22,51,16,30	293	149
190	643,1266,1492,1245	2,13,12,18	1844,3414,3125,3951,3100	11,19,22,32,17	383	149
191	84,262,492,210	6,18,53,23	332,365,195,287,358	24,32,4,30,27	418	149
192	69,220,305,141	4,30,141,20	259,295,178,228,312	14,30,12,24,18	342	149
193	67,295,387,311	10,33,104,97	208,179,215,284,174	70,92,107,107,119	218	149
194	72,105,97,140	13,19,28,33	55,77,46,57,47	0,6,5,8,3	251	149
195	1053,2154,1961,1815	58,99,164,52	1397,1749,2117,2094,2129	221,244,239,345,434	941	149
197	197,645,396,380	4,4,20,3	804,971,1159,1139,1139	18,7,20,75,41	309	149
198	73,80,23,88	32,42,62,42	16,83,56,49,21	26,32,27,30,12	259	149
199	283,654,817,678	23,92,257,106	1203,1627,1524,2198,1655	57,115,77,130,127	260	149
201	15,8,23,20	8,0,6,6	59,138,111,249,87	0,0,0,0,0	457	149
202	12,5,21,15	0,2,4,3	31,54,32,157,48	0,0,0,3,4	247	149
203	312,751,652,673	22,39,15,14	635,1174,826,1111,995	53,108,121,135,163	248	149
204	238,391,275,668	3,14,76,28	313,657,397,881,458	0,7,12,22,8	242	149
205	340,763,1231,726	35,39,45,19	1213,1266,1183,1400,1113	8,4,4,22,9	231	149
206	116,328,205,313	9,19,18,36	219,470,417,524,427	10,56,47,44,35	231	149
207	0,2,9,18	4,0,22,0	21,18,4,27,15	0,5,11,25,1	179	149
208	6,0,81,0	0,0,46,0	4,0,3,10,0	0,0,2,0,0	310	149
209	121,249,85,244	47,357,2,52	34,32,49,42,65	6,4,2,6,0	230	149
210	121,242,85,244	240,4,92,677	30,28,47,42,65	17,0,28,20,12	209	149
211	28,94,101,114	2,1,12,8	106,164,144,225,153	19,6,29,28,32	744	149
212	28,94,101,114	0,10,6,0	106,164,142,225,153	2,12,4,20,2	740	149
214	0,3,0,11	1,8,2,14	8,26,6,8,7	5,5,8,11,4	220	149
215	20,88,104,90	0,12,3,2	92,180,111,155,135	2,6,18,1,1	224	149
216	1,1,4,3	23,27,51,77	7,14,11,45,8	6,6,15,16,3	699	149
217	57,52,21,47	4,4,6,5	119,65,54,159,59	2,14,0,2,2	250	149
218	98,414,209,239	0,4,2,4	300,141,209,442,255	5,0,10,9,11	362	149
219	32,160,30,199	8,0,0,6	273,214,234,248,319	1,4,0,0,10	670	149
220	4,0,11,10	0,4,91,0	0,0,2,0,0	2,0,0,0,4	219	149
221	11,32,30,25	4,12,21,15	0,1,0,0,0	2,2,4,0,0	230	149
222	36,24,39,33	0,3,23,0	82,16,7,11,24	0,0,0,1,0	572	149
223	6,6,58,17	0,2,9,0	29,30,41,40,60	5,5,26,14,4	534	149
224	36,18,9,45	92,183,196,150	8,3,3,12,1	81,96,50,109,90	218	149
225	256,30,52,1152	26,13,24,134	37,30,77,56,21	0,3,5,7,9	238	149
226	0,8,43,3	0,0,2,0	4,6,4,7,11	0,0,0,0,0	239	149
229	16,46,87,38	0,0,8,0	32,71,55,111,63	0,0,0,0,0	246	149
230	1304,2364,1864,2179	65,208,214,241	1740,2061,2496,2455,2644	43,74,89,119,75	245	149
231	2,11,27,13	16,8,16,9	7,37,29,26,20	13,27,16,33,22	238	149
232	0,18,5,2	0,0,12,2	4,19,0,14,1	0,7,3,2,10	248	149
233	1072,3136,2076,2210	10,33,42,42	2592,4725,3626,3778,3421	98,184,142,180,126	245	149
234	27,119,89,159	4,2,3,6	69,92,62,53,64	5,4,2,2,4	215	149
235	4,10,1,8	0,0,2,0	5,8,2,3,0	4,0,0,0,0	226	149
236	210,439,362,426	2,45,89,25	407,610,597,608,786	28,31,18,33,24	382	149
237	31,98,24,140	0,1,0,5	95,121,122,111,93	2,6,2,0,7	267	149
238	83,213,255,215	26,21,26,10	176,240,187,172,214	21,19,25,2,4	234	149
239	78,81,95,93	6,20,34,8	11,56,35,41,40	12,15,18,31,22	218	149
240	698,1421,1803,1484	148,521,1185,684	622,723,676,803,796	387,436,408,388,411	315	149
241	30,19,25,89	1,4,0,4	13,34,55,45,13	0,0,0,0,0	230	149
242	263,585,684,504	8,19,27,28	240,325,262,332,295	0,4,0,0,0	257	149
243	35,45,126,52	0,0,11,3	100,182,183,320,284	22,33,37,53,54	224	149
244	35,51,126,56	20,41,4,60	104,190,195,331,294	46,41,57,110,70	227	149
245	506,1022,362,862	13,36,4,18	781,1105,1358,1723,1327	26,81,66,74,68	239	149
246	107,377,484,423	6,28,75,31	491,687,622,720,748	33,39,45,31,41	239	149
248	619,741,713,1377	2,18,17,42	198,352,183,291,183	4,18,13,24,16	500	149
249	1025,518,358,1294	37,32,4,100	76,96,79,141,73	0,0,3,3,2	233	149
250	168,332,150,257	27,40,89,12	116,145,79,156,233	49,57,84,82,65	261	149
251	31,22,46,138	16,31,7,7	77,47,115,399,108	0,0,2,6,6	1239	149
252	17,7,56,71	6,0,12,20	2,4,12,25,4	6,0,5,7,1	228	149
253	18,4,43,18	0,0,7,8	8,4,8,39,1	0,3,0,1,0	228	149
254	22,7,43,25	1,0,2,2	8,0,3,31,0	0,1,0,0,0	228	149
255	22,8,60,32	1,0,0,0	7,4,6,51,0	0,0,0,0,0	228	149
257	9,27,15,12	7,3,17,8	69,50,50,67,43	4,35,18,21,62	324	149
258	889,1489,1167,1520	337,1005,903,1130	800,1487,1228,1667,1473	176,388,220,373,373	206	149
259	136,146,155,365	0,0,2,0	44,67,25,38,39	36,0,6,79,0	317	149
260	142,156,167,380	0,0,6,8	39,68,25,39,39	6,26,6,5,27	450	149
261	149,162,187,400	0,0,33,12	47,75,28,47,50	0,2,0,0,0	577	149
262	51,74,55,86	54,148,330,159	38,62,95,86,80	17,38,47,76,32	207	149
263	341,694,456,382	60,89,355,115	1280,1520,1479,1559,1538	12,24,64,43,52	230	149
264	215,536,704,491	58,113,251,106	1264,1186,1117,1454,1271	30,6,39,54,17	593	149
265	1750,3743,4690,3817	3,1,4,25	2555,3599,3354,4314,3687	10,1,12,11,8	815	149
266	612,1274,1560,1276	15,20,121,21	1032,1335,1197,1491,1379	8,3,14,3,18	293	149
267	840,1905,2417,1773	10,27,58,26	1406,2003,1795,2318,1945	0,1,6,4,0	464	149
268	631,1288,1319,1154	36,81,98,79	886,1238,1120,1448,1227	0,29,14,22,15	305	149
269	443,904,863,837	102,209,464,253	648,908,807,1035,923	32,46,79,70,45	236	149
270	265,547,172,409	42,59,143,86	230,383,386,466,298	18,52,40,38,18	753	149
271	198,416,143,325	0,17,34,20	177,276,303,329,219	13,24,9,10,7	734	149
272	86,106,44,117	2,6,0,0	23,13,6,3,8	2,0,2,0,0	236	149
273	713,1373,1290,1302	60,125,124,160	1302,1731,1446,2217,1621	39,104,80,96,118	221	149
275	0,8,0,2	0,0,2,0	0,3,0,0,0	0,6,0,8,0	193	149
276	0,8,4,4	0,2,15,6	2,3,0,0,0	7,10,2,0,3	213	149
277	306,707,1059,693	19,52,61,26	921,1267,1281,1221,1063	13,8,1,10,14	251	149
279	146,209,112,288	90,35,77,59	156,257,226,352,256	32,21,33,62,80	248	149
280	283,776,1401,869	1,10,33,11	564,1678,1059,1892,2021	29,27,13,4,16	839	149
281	353,909,1617,1041	0,8,21,2	704,1960,1218,2120,2263	0,38,0,9,78	1206	149
282	520,1237,2034,1431	3,6,26,0	983,2567,1639,2691,2939	24,23,33,31,25	1997	149
283	862,1557,1202,1686	130,270,205,253	2344,3307,3287,3511,3619	230,312,435,450,349	406	149
284	140,260,236,222	10,31,57,39	259,402,365,472,298	5,4,1,12,5	535	149
285	41,116,88,97	9,21,30,47	80,145,141,208,134	41,36,24,37,43	435	149
286	351,613,531,571	6458,10751,10156,11251	68,31,47,79,78	657,570,448,435,574	221	149
287	336,831,1072,794	29,42,101,56	710,1050,949,1291,736	28,48,68,75,15	218	149
288	378,913,629,701	23,38,15,40	604,862,920,1036,1123	17,37,28,48,31	213	149
289	69,24,145,198	0,10,14,0	114,108,26,107,61	0,0,4,0,0	208	149
290	124,211,322,353	1,10,5,12	254,391,322,423,448	0,8,3,2,4	239	149
291	17,24,25,71	5,17,7,13	41,79,40,100,40	5,1,12,10,8	249	149
292	387,673,585,780	95,190,179,139	241,256,294,406,356	109,189,214,178,191	957	149
293	744,1772,853,1664	58,239,75,238	939,1468,1400,1727,1236	7,21,29,18,19	203	149
294	369,653,227,632	32,80,36,69	651,1317,1187,1426,1179	18,57,80,53,100	215	149
295	1823,5088,2152,4713	61,109,5,144	4514,9105,8541,9798,9101	6,10,6,20,4	2591	149
296	1395,3589,1678,3649	4,30,2,2	3285,6496,6442,7107,6621	0,0,0,0,0	1517	149
297	0,4,3,1	0,0,5,0	8,2,0,14,10	0,0,0,6,2	230	149
298	726,1220,1153,1342	22,94,137,98	1039,1118,1097,1568,1220	11,27,68,41,37	684	149
299	63,98,31,31	40,55,27,0	13,7,10,15,26	6,29,26,20,3	208	149
300	198,139,174,316	0,0,0,0	31,56,27,56,32	0,7,0,2,0	596	149
301	56,124,118,144	2,12,20,10	152,181,272,243,162	7,16,25,12,6	245	149
302	12,36,32,47	0,0,0,0	10,4,12,40,6	0,0,2,0,0	220	149
303	173,410,658,419	3,6,31,22	237,111,63,173,84	7,7,0,8,4	1689	149
304	39,144,429,136	0,4,20,1	83,67,55,113,63	0,8,0,0,4	222	149
305	305,736,774,619	9,52,17,66	713,803,682,974,782	69,61,94,40,61	257	149
306	257,705,664,609	6,2,6,0	160,376,306,280,422	10,16,36,8,55	407	149
307	1240,3276,1053,2878	101,267,243,259	769,2045,116,1327,1311	18,53,0,32,41	233	149
308	567,910,1068,1064	64,110,139,94	568,569,553,667,578	32,29,48,54,21	225	149
309	4261,6403,3642,6381	223,458,327,320	1134,1809,1527,2202,1954	53,79,49,73,51	863	149
310	2838,3413,1971,4421	33,35,35,26	361,723,558,890,753	66,81,34,47,95	518	149
311	19274,39961,47356,24898	2,15,14,5	33871,39593,25632,38124,27418	7,6,6,14,0	377	149
312	464,1285,1712,1055	17,60,156,39	771,1141,934,1253,1111	4,16,19,6,4	233	149
313	10,6,19,76	0,0,1,2	37,4,0,2,4	7,0,0,0,0	209	149
314	4,4,1,64	0,2,0,0	12,8,2,0,28	4,0,0,0,0	214	149
315	378,924,1526,909	4,16,40,21	378,554,545,608,570	5,10,22,24,14	407	149
317	490,608,367,1069	13,15,44,40	80,142,58,90,122	0,0,0,0,12	287	149
318	405,527,412,714	85,205,53,184	660,764,687,930,545	67,65,68,70,37	227	149
319	29,76,17,96	55,121,23,79	273,128,154,264,202	30,31,35,11,32	229	149
320	135,134,105,56	10,33,63,17	544,158,169,337,259	55,23,40,58,28	241	149
321	0,1,13,0	0,0,11,0	0,3,4,0,1	0,0,0,0,0	260	149
322	95,145,45,13	34,21,2,8	3,11,6,16,19	0,0,0,4,0	251	149
323	17,10,23,33	2,8,0,5	20,50,44,69,12	4,11,0,16,12	217	149
324	6,38,25,42	2,0,0,4	64,58,115,191,56	0,0,0,1,8	403	149
325	115,227,534,292	1,13,49,41	310,468,287,540,405	6,34,22,29,4	227	149
326	0,0,8,2	0,0,0,0	0,0,0,0,0	0,0,2,0,4	252	149
327	1,0,13,6	3,0,51,8	7,8,2,21,1	7,6,10,14,0	231	149
328	0,2,37,16	0,0,52,6	7,22,24,3,0	5,14,4,12,6	306	149
330	24,17,48,8	0,0,0,2	17,2,6,8,11	0,0,0,0,0	224	149
332	712,1854,868,2004	18,200,339,194	738,953,1142,1068,1022	72,107,112,56,34	218	149
335	60,97,82,107	34,87,158,103	107,186,180,185,174	14,57,34,76,30	223	149
336	147,291,106,255	15,10,0,9	379,582,376,740,552	12,30,24,19,17	1500	149
337	4,11,5,10	74,207,383,148	5,10,1,3,23	285,328,258,335,428	221	149
338	161,496,1398,443	45,80,165,91	354,524,454,494,563	86,131,206,152,163	254	149
339	155,476,1311,410	115,242,661,186	328,485,432,473,539	263,266,293,339,366	251	149
340	21,80,66,100	14,6,5,0	22,40,34,51,42	0,0,0,0,1	242	149
341	0,0,2,2	1,3,0,2	2,0,6,1,0	0,0,0,0,0	233	149
342	175,419,205,383	8,25,14,44	611,840,908,1147,964	72,76,82,56,42	222	149
343	12,3,0,48	0,0,0,0	0,0,0,8,0	0,4,0,0,0	545	149
344	2254,5988,1648,5746	0,0,0,4	334,632,400,664,458	0,0,0,0,0	479	149
345	1304,3360,850,3054	161,436,432,529	161,395,236,358,211	23,64,43,46,36	308	149
346	4,2,39,1	6,2,11,0	18,18,17,10,4	0,0,0,0,0	226	149
347	6141,12394,9131,14626	10,55,72,68	7821,10754,9188,13575,10466	52,86,42,144,58	4096	149
348	476,1198,999,1401	19,99,92,53	1153,1635,1285,2591,1567	38,32,72,54,28	219	149
349	714,1332,2099,1466	15,20,81,12	451,843,531,785,610	17,18,13,5,16	243	149
350	715,1332,2102,1473	31,39,117,64	451,852,533,785,612	171,223,135,237,160	248	149
351	13,23,69,30	368,764,1603,727	33,33,54,37,29	588,816,663,1083,766	230	149
352	6,3,15,2	4,0,49,0	0,4,0,0,0	0,0,0,0,8	248	149
353	0,13,26,9	0,0,2,4	8,0,4,4,4	0,0,0,0,0	224	149
354	0,0,2,1	1,1,0,0	3,1,2,7,4	5,4,2,4,10	243	149
355	328,831,621,891	45,72,51,148	908,1085,794,1602,912	183,278,244,464,202	257	149
356	1118,2504,1282,2141	73,253,201,183	813,1484,1155,1598,1197	19,62,52,66,54	233	149
357	293,571,306,563	75,108,157,180	415,529,523,678,555	137,121,128,142,176	944	149
358	491,986,1025,961	81,150,305,145	743,1035,1041,1084,1112	19,28,61,39,25	522	149
359	510,1165,382,897	163,364,115,538	72,51,80,23,67	38,36,38,15,31	282	149
360	4,4,9,0	0,0,0,0	0,11,0,2,0	0,0,0,0,16	326	149
362	60,123,169,223	13,22,109,55	295,399,402,452,363	42,41,37,51,36	234	149
363	668,1579,1705,1652	70,291,312,182	580,768,562,868,753	237,336,253,400,302	966	149
364	397,966,1000,824	13,42,79,33	738,1046,1055,1347,959	30,15,23,23,38	224	149
365	0,4,36,43	6,8,50,15	0,0,0,0,0	0,0,0,2,0	288	149
366	589,1211,723,1136	35,85,163,97	829,965,1059,876,1215	51,87,76,113,93	249	149
367	622,1405,835,1277	67,103,116,120	889,1066,1125,961,1335	137,214,202,205,222	314	149
368	6,7,22,10	2,0,20,4	2,2,5,6,7	0,0,0,0,2	302	149
369	2351,7843,3845,8972	8,0,0,0	1628,2270,2443,2969,2494	0,2,0,0,6	1694	149
370	1858,6612,3156,7723	0,0,2,2	1418,1923,2111,2572,2138	1,10,3,2,6	1610	149
371	1,10,90,56	2,1,11,13	47,60,72,42,67	23,46,12,51,32	229	149
372	14,37,63,23	0,0,0,0	55,112,66,71,52	0,7,6,4,2	212	149
373	10,36,159,58	6,0,48,8	78,42,34,68,45	3,2,1,4,4	250	149
374	8,44,216,133	2,18,83,35	48,68,42,49,22	0,0,0,3,0	293	149
376	19,51,128,70	10,19,28,15	70,83,61,87,84	7,10,15,8,9	222	149
377	297,993,486,480	0,0,6,4	1695,530,385,639,519	43,46,56,45,28	246	149
378	88,141,140,146	58,8,7,28	1494,456,390,672,431	219,67,83,120,83	215	149
379	222,187,94,228	31,4,6,10	1108,357,303,631,335	2,1,51,29,6	274	149
380	25,25,32,72	1,0,16,11	2,8,5,3,14	0,0,0,0,0	216	149
381	19,1,2,12	2,3,0,15	1,3,0,4,2	0,0,0,0,0	225	149
382	4,15,62,26	0,2,1,10	39,60,40,44,29	0,1,0,0,2	250	149
384	10,5,9,4	0,0,0,0	0,3,0,3,3	0,2,2,0,0	273	149
386	8,9,38,10	0,0,22,0	25,40,9,31,22	1,16,0,0,0	480	149
387	6,4,31,18	0,0,6,0	2,19,4,11,4	0,0,0,0,0	294	149
388	57,100,162,164	0,0,0,9	29,74,31,61,54	0,12,3,11,0	236	149
389	12,50,58,38	0,0,0,2	14,0,22,4,2	0,0,0,0,0	247	149
390	14,50,58,38	0,0,0,0	14,0,24,4,2	0,0,2,0,0	258	149
391	0,17,34,26	0,0,6,4	40,136,129,160,78	2,19,23,23,10	260	149
392	0,1,0,8	1,0,0,3	0,0,5,1,0	0,1,1,0,2	247	149
393	0,2,10,6	0,0,4,14	3,20,7,24,4	2,7,8,16,12	250	149
394	80,232,163,202	4,0,64,0	130,208,135,144,189	0,0,0,0,0	263	149
395	159,274,137,313	4,14,30,38	109,199,172,163,167	19,25,45,15,27	230	149
396	4,16,44,19	0,0,3,2	8,7,5,3,10	0,0,7,1,0	480	149
397	1,10,15,16	24,47,22,39	12,11,28,40,47	99,137,153,253,182	221	149
398	190,697,374,630	4,23,59,25	303,695,414,748,498	15,33,15,33,10	523	149
399	137,534,280,458	2,5,60,16	225,513,325,607,425	30,11,13,16,4	335	149
400	13,61,429,116	0,0,19,18	1474,1149,1589,1020,540	67,65,50,41,10	224	149
401	49,122,575,123	8,18,199,23	2893,2311,2687,2082,1355	128,88,111,49,24	834	149
402	50,44,8,104	3,0,0,1	0,11,1,0,11	0,0,0,0,0	249	149
403	36,38,8,98	0,0,1,1	0,8,1,0,10	0,0,0,0,0	221	149
404	56,41,15,59	5,11,0,15	2,4,4,6,15	1,2,0,0,0	261	149
405	13,19,36,19	13,33,51,54	6,2,16,11,2	5,29,33,21,19	228	149
406	13,19,34,19	5,4,8,4	6,2,8,11,2	0,6,0,15,21	224	149
407	90,192,500,201	90,162,298,118	115,119,111,192,131	43,79,69,91,66	255	149
408	166,572,63,1503	30,72,4,94	50,77,45,52,71	0,19,2,3,0	1062	149
409	20,54,197,92	3,5,15,15	371,442,412,731,518	32,31,27,47,54	653	149
410	4,23,31,14	2,4,4,3	12,34,11,27,24	10,18,18,22,10	295	149
411	5,0,27,14	0,0,8,0	0,8,4,6,0	0,10,12,0,0	264	149
412	41,65,60,25	1325,2821,3502,2603	47,33,21,56,41	905,1468,1114,1346,1131	239	149
413	58,130,232,114	14,73,95,50	74,121,55,97,100	39,71,82,42,68	257	149
414	22,39,92,37	0,14,27,8	69,85,71,92,62	18,21,2,28,14	227	149
415	50,82,50,128	0,0,0,1	34,65,52,61,35	0,0,0,0,5	1062	149
416	212,471,736,386	2,29,54,16	360,479,320,491,415	69,56,57,64,66	231	149
417	56,203,408,249	0,2,27,4	176,200,183,243,214	0,6,0,1,6	520	149
418	80,109,87,17	18,26,26,2	154,87,119,130,142	29,5,14,22,12	220	149
419	28,42,163,81	6,0,20,8	65,117,118,57,83	4,1,2,7,6	1506	149
420	8,20,53,13	12,0,13,11	26,37,35,12,32	9,2,13,0,4	328	149
421	59,8,102,77	20,1,28,30	50,108,140,91,45	8,26,30,15,16	789	149
422	19,2,39,31	8,0,17,4	24,67,31,32,7	0,0,0,0,0	577	149
423	34,28,89,28	3,0,32,0	23,32,22,17,51	41,59,58,46,67	285	149
424	217,919,1822,1088	4,19,60,33	440,253,439,302,499	16,5,9,13,61	2014	149
425	19,68,110,83	0,0,26,1	16,7,25,11,59	2,0,11,14,0	226	149
426	31,140,239,167	12,26,119,30	16,17,31,45,42	46,4,45,28,60	241	149
427	31,138,229,157	2,8,31,12	16,16,27,43,26	6,0,7,12,2	224	149
428	84,195,72,70	6,6,13,12	44,60,50,50,22	0,2,0,2,0	214	149
429	41,189,123,144	0,1,2,0	4,19,9,16,6	0,0,0,0,2	290	149
430	2,0,35,31	0,2,2,6	12,24,30,26,36	6,4,11,28,12	422	149
431	88,229,168,162	10,2,8,8	34,139,77,106,83	21,36,15,8,27	588	149
432	103,267,187,203	12,17,6,7	59,155,85,119,122	26,32,38,22,61	622	149
433	160,471,274,344	6,15,0,2	90,225,137,197,209	2,14,11,9,30	1189	149
434	22,48,42,36	0,0,2,0	40,33,27,30,26	0,0,0,0,0	292	149
435	618,995,779,1047	85,115,249,132	928,1009,888,1275,998	17,26,8,27,15	212	149
436	316,633,606,719	40,41,36,60	209,385,230,292,313	1,5,2,11,1	239	149
437	184,179,147,322	10,1,2,32	88,194,109,156,147	0,9,6,0,0	287	149
438	57,180,222,261	4,13,35,41	122,98,122,59,8	6,4,2,3,2	446	149
439	55,184,262,251	18,39,51,32	72,113,132,55,81	0,2,22,4,14	284	149
440	169,413,546,556	0,0,10,0	119,206,249,92,123	0,4,0,0,0	780	149
441	55,105,159,223	0,2,26,12	23,45,52,18,8	0,4,0,0,0	355	149
442	23,20,25,62	0,2,12,21	28,15,17,28,4	2,0,14,2,0	242	149
443	10,10,29,20	0,7,16,4	59,45,26,40,63	2,0,6,10,4	240	149
444	4,24,24,21	190,338,342,269	9,14,7,6,14	71,129,45,116,74	236	149
445	171,457,274,303	5,33,47,34	251,460,287,410,377	12,14,15,8,14	227	149
446	152,505,325,284	41,55,81,20	195,242,314,377,234	12,0,12,2,0	257	149
447	75,164,87,181	10,51,26,88	69,83,68,163,114	38,21,48,100,31	257	149
448	75,170,94,198	27,79,30,64	76,88,73,186,114	52,49,22,109,44	280	149
450	265,612,559,670	23,73,284,87	341,408,459,440,408	23,31,13,19,30	664	149
451	282,665,785,571	41,90,166,104	472,693,620,800,722	110,157,138,197,148	272	149
452	846,4346,5932,2415	0,28,68,2	2836,3925,5011,2171,5317	14,13,45,8,30	555	149
453	69,816,954,613	17,157,285,132	615,911,954,523,927	95,131,219,2,196	257	149
454	248,1886,2873,486	6,16,9,0	1346,1728,2115,621,2071	52,53,61,5,73	364	149
455	14,21,0,4	15,26,0,41	40,36,25,15,8	9,0,3,6,1	226	149
456	6,42,187,10	0,0,162,2	5,20,44,55,3	0,8,6,12,1	569	149
457	6,15,187,6	3,9,49,2	8,6,29,40,6	2,4,5,20,3	247	149
458	2,4,149,2	4,6,32,22	4,10,28,27,2	0,6,4,6,2	219	149
459	129,274,267,340	13,18,60,30	342,333,311,302,283	78,53,42,92,54	230	149
460	358,795,495,776	47,121,159,75	484,713,657,879,672	1,24,22,28,31	224	149
461	12,1,15,7	1,0,16,10	1,1,4,3,0	0,0,0,1,0	228	149
462	82,101,161,97	36,37,56,76	210,201,224,249,172	34,97,51,148,109	236	149
463	128,258,324,290	11,23,50,57	126,121,101,115,178	41,32,36,100,34	260	149
464	2,28,17,2	18,65,5,80	0,4,0,1,6	21,50,18,22,44	213	149
465	0,0,12,0	0,0,23,0	2,12,0,5,13	29,109,25,23,58	227	149
466	446,389,244,530	16,0,0,14	390,630,583,616,386	42,48,4,12,11	254	149
467	95,134,65,132	8,0,0,10	72,106,111,182,53	7,11,0,2,0	215	149
468	71,262,182,287	2,7,15,0	68,207,147,123,126	5,10,8,8,9	240	149
469	0,4,10,0	0,0,6,2	0,0,0,0,0	0,0,0,4,0	392	149
470	214,506,664,643	51,70,52,85	499,657,611,760,502	16,69,38,31,48	259	149
471	295,785,648,878	32,58,6,102	600,958,671,859,774	18,24,18,23,18	302	149
472	217,470,229,454	20,29,30,13	398,493,561,1121,568	2,12,6,13,0	986	149
473	366,976,586,897	15,19,1,9	806,1062,1085,1903,1206	2,4,10,1,18	1371	149
474	55,55,54,51	15,10,30,50	32,27,32,57,31	6,13,19,14,0	244	149
475	203,420,189,493	0,1,0,0	14,20,11,4,16	2,18,24,0,24	292	149
476	2,27,67,4	0,0,1,0	20,34,6,4,27	0,0,0,0,0	1632	149
477	4,38,99,10	0,2,0,0	44,45,25,14,39	0,0,0,0,2	2181	149
478	0,1,6,0	0,0,2,0	4,2,4,6,0	0,0,0,0,0	240	149
479	92,165,195,153	51,196,465,120	114,297,214,364,246	138,288,239,250,174	290	149
480	4,7,9,6	5,22,28,48	5,19,5,22,5	33,40,31,118,25	218	149
481	0,6,14,4	0,0,14,0	2,2,6,3,2	0,0,0,0,0	317	149
483	89,151,132,231	4,20,18,2	690,1014,959,1105,1298	73,107,100,125,109	236	149
484	37,137,35,60	0,12,3,0	185,230,212,305,285	0,0,6,4,0	241	149
485	114,508,149,228	0,11,4,11	403,489,634,624,547	16,4,20,48,21	1054	149
486	328,598,1340,433	71,148,314,126	239,575,493,585,346	49,79,124,145,129	234	149
487	53,135,201,179	4,4,31,17	73,83,74,64,91	45,36,14,11,14	223	149
488	242,734,629,602	44,123,329,79	749,576,336,515,720	126,30,88,47,85	217	149
489	942,2179,1769,2004	76,141,151,139	1457,1679,1797,2350,1909	69,79,55,126,79	233	149
490	31,58,263,28	17,52,364,6	32,15,65,69,52	2,7,2,20,12	209	149
491	6,10,190,13	2,0,2,0	12,10,21,24,11	4,0,0,6,2	319	149
492	2,8,11,20	0,2,1,0	43,30,10,27,22	0,0,2,4,5	226	149
493	9,16,21,21	0,0,2,0	53,44,17,39,27	8,0,3,0,0	235	149
494	0,22,73,6	0,0,12,0	18,3,12,13,5	0,0,0,2,2	218	149
495	17000,32605,16494,46019	3133,11888,9133,10125	456,985,604,1127,804	595,1394,1195,1626,1143	757	149
496	37,93,93,147	0,0,0,3	19,75,25,57,19	0,0,2,0,0	261	149
497	71,40,5,31	0,11,0,0	128,106,126,97,158	0,12,1,0,4	233	149
498	0,0,6,3	0,0,4,0	0,0,0,1,2	0,0,0,0,0	255	149
499	2,20,23,18	0,0,0,0	10,42,2,63,85	2,6,2,14,11	962	149
500	7,35,32,30	1,15,1,18	26,65,6,98,152	10,2,5,73,59	1226	149
502	148,365,486,511	17,51,133,84	427,588,573,675,857	9,34,36,63,57	220	149
503	39,131,203,106	0,2,38,18	45,50,75,89,61	0,8,0,2,2	275	149
504	18,56,14,63	0,2,3,0	91,79,76,194,84	0,4,10,0,0	246	149
505	1005,2789,1045,2523	0,12,0,10	3235,3482,2570,5788,3784	10,46,21,31,20	3581	149
506	19,18,28,38	0,17,16,30	3,4,14,4,14	16,5,6,4,13	219	149
507	128,304,491,277	140,311,668,324	368,578,595,563,406	189,181,194,361,169	221	149
508	64,129,208,139	6,2,14,4	74,154,121,137,105	0,2,2,2,0	228	149
509	77,130,223,139	2,8,15,14	79,160,129,149,116	6,12,18,16,16	232	149
510	17,52,26,45	685,1416,768,1887	25,11,16,34,49	377,564,483,603,627	221	149
511	18,54,6,62	0,0,53,0	2,1,1,0,4	0,0,3,0,0	253	149
512	332,842,684,795	13,44,21,44	973,1125,1018,1785,1196	0,7,11,8,14	437	149
513	50,96,79,108	62,147,145,131	289,388,423,585,440	96,82,151,150,108	250	149
514	2,21,10,27	2,2,1,103	26,28,57,125,54	11,38,75,181,121	259	149
515	3,9,0,34	0,9,0,5	2,0,29,68,9	0,0,1,5,2	287	149
516	14,87,108,127	5,35,59,47	121,148,203,272,252	13,35,54,140,69	222	149
517	62,46,97,133	0,0,2,0	6,14,17,23,4	0,0,2,0,4	312	149
518	247,579,920,588	2,0,0,0	202,337,253,414,314	0,0,0,0,0	868	149
519	154,422,737,404	0,2,0,0	161,296,212,320,255	0,0,2,0,2	514	149
520	97,276,393,202	6,2,0,0	89,150,122,167,162	0,0,0,0,0	366	149
521	951,1926,614,2252	25,69,26,83	209,138,115,138,132	170,97,76,26,64	337	149
522	24,21,32,34	8,3,2,3	63,108,105,128,149	0,0,1,0,5	232	149
523	3,36,116,45	7,10,69,22	73,90,68,115,90	53,53,35,69,46	218	149
524	3,6,0,16	0,4,2,0	8,14,4,0,0	0,0,0,8,0	233	149
525	94,355,70,205	1942,4987,5083,5199	152,310,243,210,241	3192,4902,4608,5229,5437	212	149
526	6,4,35,4	2,0,4,0	8,0,0,10,4	0,0,0,2,0	459	149
527	64,301,656,180	19,29,115,34	341,459,368,522,360	128,171,83,147,144	233	149
528	27,32,101,55	0,0,8,0	34,52,27,67,44	1,45,9,8,16	648	149
529	4,8,19,8	2,6,21,22	0,11,0,3,8	12,57,17,27,59	546	149
530	15,20,97,57	1,4,29,5	129,169,67,146,72	0,2,2,9,0	1398	149
531	777,2061,2365,1969	20,50,109,47	1856,2421,2572,3292,2892	79,93,109,88,110	564	149
532	0,6,0,0	0,0,11,0	6,0,0,0,2	0,0,0,0,0	253	149
533	2,40,113,16	0,1,20,10	25,14,16,26,26	0,0,0,1,0	475	149
534	122,94,219,158	193,468,301,528	240,183,565,608,356	353,590,359,503,445	221	149
536	0,2,149,10	0,0,0,0	2,1,0,6,3	0,0,0,0,2	239	149
539	13,21,8,39	68,61,24,204	0,12,5,14,14	14,31,14,24,21	226	149
540	12,42,42,154	8,4,39,31	26,19,20,59,4	80,33,38,58,21	258	149
541	6,0,5,50	0,0,22,39	2,1,0,6,0	3,7,3,3,1	391	149
542	90,172,124,154	97,291,105,333	176,299,270,393,228	609,880,835,1072,903	236	149
543	41,158,456,244	3,1,12,2	155,268,213,186,259	1,0,0,0,0	225	149
544	41,162,462,252	31,12,21,55	159,276,230,190,270	0,5,6,8,2	248	149
545	32,159,456,236	3,4,5,0	157,274,224,186,263	0,0,0,0,0	215	149
546	20,87,334,178	23,3,3,6	32,41,40,40,28	6,24,0,10,5	242	149
547	51,91,355,183	0,2,3,0	74,96,61,57,57	0,0,0,0,0	328	149
548	0,0,4,0	0,2,17,4	0,4,9,4,2	0,1,8,6,8	263	149
549	143,287,243,475	12,25,16,20	259,393,348,344,400	46,67,96,84,67	266	149
550	354,752,554,654	36,52,108,70	569,813,650,719,631	18,8,18,2,26	221	149
551	687,1551,1310,1423	5,12,31,16	1082,1543,1304,1427,1273	9,25,1,2,10	404	149
552	335,795,429,918	4,0,2,2	350,574,549,661,472	6,4,5,4,0	1140	149
553	2,0,3,0	0,0,3,0	0,2,1,4,0	0,0,1,0,0	326	149
554	1,0,0,6	0,0,0,0	0,2,0,4,0	0,2,0,0,2	225	149
555	0,0,0,10	0,0,0,6	2,4,0,0,16	2,2,0,0,4	253	149
556	0,0,2,36	0,0,0,0	6,6,0,2,21	0,2,0,0,0	413	149
557	0,0,2,26	0,4,0,6	5,2,0,2,5	1,0,0,0,2	229	149
558	3076,7069,5091,6677	177,336,329,334	2330,3538,3614,3564,4025	339,544,420,428,464	272	149
559	4,11,4,1	66,149,181,195	1,9,13,17,11	168,184,284,269,204	221	149
560	32,54,47,55	5,13,11,15	73,66,77,108,39	9,8,3,2,9	257	149
561	104,266,244,210	4,112,73,50	560,547,493,554,519	133,81,50,66,37	223	149
562	1645,4567,2035,3557	53,173,57,113	8905,10992,9374,12762,10368	78,119,95,119,74	232	149
563	24,51,90,84	2,6,2,2	72,116,40,144,101	4,30,36,14,8	309	149
565	26,44,188,70	2,20,64,42	51,60,25,92,77	22,50,21,74,108	236	149
566	733,1107,1294,1108	8,22,8,7	973,1733,1637,2274,2389	4,10,38,0,8	861	149
568	4,11,0,19	0,0,2,18	0,0,0,0,0	0,4,0,2,0	205	149
569	2,48,51,56	11,35,28,20	2,5,9,2,21	7,7,0,2,7	222	149
570	236,643,1199,992	4,4,20,12	386,654,736,664,739	0,0,0,0,13	3369	149
571	11,0,33,9	1,0,12,0	10,16,47,16,22	0,0,2,16,4	320	149
572	119,179,96,373	42,154,135,172	14,58,20,22,41	42,50,40,83,73	292	149
573	0,0,0,0	0,0,0,11	18,0,0,0,6	0,0,1,0,0	242	149
576	192,449,596,441	21,42,59,36	630,685,611,752,747	31,42,35,79,44	228	149
577	282,742,967,658	39,83,285,100	919,978,1058,1311,1073	9,23,11,68,15	232	149
578	80,61,56,147	6,29,25,31	16,35,34,15,19	6,11,2,1,12	301	149
579	2,36,168,26	0,8,17,1	6,11,21,12,45	0,0,6,3,4	551	149
580	2,28,70,14	0,3,12,0	0,7,5,10,27	0,0,0,2,1	280	149
581	117,200,1168,230	0,0,2,0	152,171,185,279,213	3,0,0,0,0	1278	149
582	117,200,1170,230	0,0,0,0	152,171,186,279,213	0,2,0,4,4	1287	149
583	0,12,42,12	0,0,12,0	0,0,0,8,0	0,0,0,0,0	534	149
584	1131,2539,254,1910	130,246,38,210	215,341,516,321,200	10,14,14,4,3	238	149
585	65,193,205,213	20,32,79,35	477,564,372,570,481	151,155,67,167,88	225	149
586	666,1495,996,968	39,135,184,136	749,877,765,761,643	0,4,0,0,0	214	149
587	74,153,565,335	11,5,644,8	15,8,14,28,8	0,0,0,0,0	948	149
588	7,21,341,43	6,3,8,41	0,0,0,0,0	20,0,5,4,10	254	149
589	7,48,1205,28	38,67,153,269	4,10,6,1,8	14,17,10,2,4	269	149
590	4,40,1081,28	0,4,557,0	4,10,6,1,4	2,0,0,14,0	262	149
592	220,437,374,386	5,27,49,51	188,224,202,211,227	61,29,39,38,57	218	149
594	57,223,347,186	35,69,81,83	188,194,175,208,190	182,159,141,217,135	274	149
595	13,13,77,27	18,8,40,12	25,53,26,57,26	63,13,32,71,39	265	149
596	182,521,975,240	26,90,242,92	358,574,423,509,505	13,37,15,41,32	224	149
597	42,176,72,159	5,12,0,5	131,135,108,416,178	0,0,5,8,0	1135	149
598	122,195,123,298	5,6,12,20	65,131,34,100,92	6,3,4,2,0	317	149
599	232,572,586,440	24,21,50,34	749,932,826,1216,934	43,35,14,89,39	209	149
600	76,163,95,232	1,12,2,14	215,365,188,458,265	5,18,7,46,7	219	149
602	1,2,8,4	7,0,0,0	0,2,0,3,0	0,0,4,0,0	227	149
603	4,0,6,0	0,0,0,0	2,5,3,12,17	2,3,2,0,2	240	149
604	1,0,3,10	0,0,3,0	6,17,0,5,4	0,0,0,6,0	256	149
605	6,1,4,0	2,0,16,0	0,4,0,9,2	0,0,0,0,0	216	149
606	60,166,510,187	0,12,32,0	131,169,159,214,190	24,58,32,16,23	237	149
608	0,4,55,8	0,0,11,0	0,0,2,2,6	0,0,0,0,0	335	149
609	49,81,136,114	0,0,1,2	81,146,112,184,116	2,2,0,0,11	685	149
610	131,205,180,286	117,192,295,279	542,495,387,413,223	39,75,17,56,27	305	149
611	41,86,42,25	0,0,6,0	6,27,18,34,20	0,0,0,0,0	236	149
612	261,767,895,577	66,152,428,116	466,639,411,677,594	29,91,68,98,46	227	149
613	479,976,390,956	63,178,137,128	887,1085,936,1358,1058	92,136,108,200,188	239	149
614	2,12,50,12	0,2,0,10	14,13,18,36,13	0,0,2,2,12	258	149
615	64,102,186,169	6,5,50,28	163,238,144,423,248	0,8,6,11,0	245	149
616	65,104,204,174	1,8,15,9	166,241,149,425,250	0,2,0,0,0	248	149
617	39,49,47,133	6,10,34,0	12,42,8,26,34	2,4,0,14,2	233	149
618	7,4,22,8	5,15,27,4	14,40,14,10,8	26,19,16,10,15	266	149
619	10,5,44,9	32,87,231,104	21,73,23,13,13	95,108,29,90,88	280	149
620	96,96,349,138	15,32,25,4	130,166,60,140,144	1,95,58,8,17	427	149
621	0,0,3,10	4,0,2,4	2,6,2,11,1	0,0,0,0,0	274	149
622	2,15,84,12	2,0,10,0	0,6,3,4,8	0,0,0,4,2	245	149
623	4,8,43,24	0,0,5,0	0,0,2,6,4	0,0,0,0,0	231	149
624	7,9,27,15	249,571,964,616	112,124,125,148,141	350,517,435,652,709	242	149
625	91,208,137,192	19,32,44,38	391,598,633,723,643	6,30,22,38,24	226	149
626	104,219,139,198	7,2,1,8	397,622,645,746,664	5,12,16,2,10	232	149
627	93,97,37,163	0,10,0,14	9,35,17,15,24	0,0,6,2,0	302	149
628	211,503,359,436	2,22,15,41	382,609,444,728,556	44,43,29,42,50	221	149
629	26,53,66,80	2,0,1,0	46,59,41,54,36	0,0,2,0,0	223	149
630	12,16,50,10	1,9,24,4	0,20,1,6,4	0,6,4,2,2	264	149
632	20,10,302,6	2,14,131,2	14,24,16,26,12	28,12,16,39,15	214	149
633	28,47,24,42	8,12,8,9	22,30,12,21,27	2,1,2,0,1	723	149
634	427,895,643,617	6,10,18,24	800,896,941,1244,1035	18,22,17,27,39	245	149
635	15,48,86,105	0,0,11,2	25,44,40,33,35	2,15,8,3,6	228	149
636	3,14,68,15	6,38,26,6	30,32,16,19,24	5,2,6,18,2	237	149
637	17,82,9,23	0,0,1,0	9,35,31,32,45	0,0,0,0,0	271	149
638	16,50,68,62	0,4,14,0	28,77,17,29,58	5,2,17,0,4	364	149
639	23,118,98,62	0,0,0,0	32,142,57,70,96	0,0,0,2,4	429	149
640	0,2,6,0	0,0,6,0	8,0,2,9,4	0,0,0,2,0	210	149
641	0,6,30,8	4,0,26,0	1,8,0,8,10	6,2,13,3,0	257	149
642	80,151,250,222	2,8,25,2	114,175,157,149,192	5,0,0,3,0	221	149
643	119,180,89,238	43,141,72,186	401,747,634,1061,802	15,7,45,83,46	203	149
644	40,29,23,100	4,18,15,23	12,30,18,18,11	0,0,0,0,0	321	149
645	0,2,45,2	0,13,39,15	12,2,8,4,0	3,2,8,2,0	246	149
646	19,14,17,35	2,4,2,6	51,36,35,30,34	11,21,5,10,0	263	149
647	139,356,509,336	539,1022,1222,1157	956,963,942,1471,1035	1005,1380,1169,1975,1166	276	149
648	170,298,257,406	0,4,0,5	139,206,256,305,244	10,11,1,5,13	523	149
649	153,257,228,315	8,13,0,37	131,167,217,267,217	22,7,17,29,8	487	149
650	0,7,10,4	0,4,29,0	0,0,2,0,2	0,8,0,0,0	232	149
651	1,6,0,2	0,5,19,0	0,1,1,0,1	0,0,0,0,4	261	149
652	0,17,53,7	2,2,7,2	8,2,5,0,0	0,0,0,0,0	302	149
653	12,10,26,18	0,7,0,0	16,30,15,34,20	2,4,1,13,0	311	149
654	4735,9816,13977,8457	128,257,615,305	6076,6518,7421,7114,7309	75,90,74,109,71	372	149
655	1299,3024,3093,3678	29,96,360,150	3660,5613,5152,7802,6061	10,52,26,23,27	825	149
656	525,1124,1084,1462	24,35,262,46	1494,2166,2124,3177,2263	10,10,10,14,8	222	149
657	357,491,1164,524	15,72,41,70	756,987,810,1081,977	37,55,54,142,66	696	149
658	196,371,593,528	95,185,380,271	122,171,99,169,150	172,295,160,250,181	310	149
659	2519,5275,3837,5084	264,646,518,674	4211,6480,7199,9571,7528	547,810,851,1026,916	218	149
660	2560,5378,3925,5156	125,505,374,395	4280,6554,7310,9750,7638	357,508,476,692,601	221	149
661	6,30,3,3	0,0,0,0	30,52,11,18,35	6,5,0,0,16	252	149
662	4,30,3,0	3,4,5,5	16,40,0,5,29	0,0,7,9,0	201	149
663	2,7,28,2	0,0,50,11	6,10,11,4,16	0,15,15,0,0	238	149
664	24,124,270,165	0,1,111,8	150,365,230,156,82	15,49,17,15,9	219	149
665	669,1475,1584,1293	15,25,21,43	958,1326,1322,1570,1313	166,162,144,197,152	275	149
666	8,13,20,12	0,0,2,1	10,28,11,15,24	18,10,6,22,47	306	149
668	2,30,16,48	0,6,19,8	4,0,11,2,0	5,8,2,2,2	272	149
669	0,6,16,0	2,0,5,2	4,6,4,2,4	0,0,2,0,11	216	149
670	4,2,2,2	1,1,0,0	83,85,44,80,75	11,8,0,2,5	227	149
671	4,2,11,5	4,8,28,5	88,99,56,99,83	38,39,47,67,40	263	149
672	0,0,14,0	1,0,59,0	0,0,6,2,0	4,0,2,0,0	398	149
673	0,0,38,4	0,0,12,2	0,0,13,12,0	0,0,0,0,0	551	149
674	21,67,86,49	756,1369,2477,1682	257,376,328,374,301	1345,2032,1518,2342,1431	233	149
675	1856,3948,1433,987	95,251,657,958	1620,3228,2867,2989,2758	172,210,175,759,214	224	149
676	1937,3895,1858,1490	214,524,306,570	1261,3619,3820,4094,2157	202,1,2,436,2	299	149
677	1310,2321,1914,1800	48,107,79,121	644,2218,2693,3449,906	379,3,0,108,607	224	149
678	46,89,108,106	0,0,0,0	62,93,94,174,75	0,0,2,8,10	405	149
679	10,24,92,22	0,8,17,8	15,16,40,28,32	0,0,0,1,0	356	149
680	12,10,6,7	2,2,0,0	0,0,0,2,2	0,0,0,0,0	932	149
681	14,10,19,15	5,2,0,0	6,0,6,8,4	0,0,2,4,0	1442	149
682	14,10,19,29	1,0,0,0	10,0,6,8,4	0,0,0,0,0	2148	149
683	0,0,1,12	0,2,0,0	0,0,0,0,1	0,0,0,3,0	750	149
684	112,295,406,110	16,22,42,9	497,733,740,896,498	2,4,16,5,5	249	149
685	376,466,531,909	2,25,5,21	61,131,71,100,79	0,0,2,1,0	332	149
686	119,233,159,137	208,485,42,352	105,218,155,192,174	271,689,487,741,703	237	149
687	202,656,259,672	30,145,226,175	414,574,417,546,464	39,25,63,49,58	227	149
688	219,735,285,745	30,84,70,48	436,647,439,586,489	13,9,13,25,31	230	149
689	232,525,422,513	30,169,209,172	273,493,285,424,391	69,85,85,108,47	221	149
690	93,143,179,106	0,0,0,4	173,247,140,186,124	5,31,17,28,2	255	149
691	0,4,10,3	1,15,15,18	0,7,0,13,12	13,14,28,18,18	221	149
693	4,37,9,18	0,0,0,3	10,10,16,48,6	0,0,0,8,4	267	149
694	2,20,0,25	4,2,0,0	3,5,17,14,18	0,0,0,0,0	219	149
695	50,275,113,196	0,0,0,0	71,111,198,296,176	0,0,0,6,0	1889	149
696	52,52,6,56	11,5,5,7	2,4,18,7,22	0,0,6,0,0	362	149
698	391,739,955,736	20,71,118,58	435,726,840,1126,700	74,118,112,162,109	219	149
699	0,0,3,0	0,4,6,1	0,0,0,1,0	0,0,0,0,0	216	149
700	4,2,13,7	0,0,0,0	6,0,2,2,4	11,0,0,4,0	210	149
701	41,123,141,104	2,0,0,2	26,30,19,17,21	21,5,10,26,4	238	149
702	135,170,389,234	16,21,96,43	106,134,125,228,126	0,2,3,2,0	231	149
703	706,1438,1850,1403	14,34,83,21	1183,1535,1706,1712,1529	20,15,21,31,26	290	149
704	0,0,4,0	0,2,5,0	0,0,0,2,0	0,2,0,0,0	348	149
705	0,5,71,12	0,0,6,0	6,14,55,10,12	0,0,0,0,2	1473	149
706	0,0,11,11	0,0,2,0	10,0,4,0,3	0,0,0,3,0	474	149
707	284,478,252,122	16,13,18,33	36,418,511,276,359	42,14,6,45,39	278	149
708	71,102,124,166	2,3,7,4	183,304,317,216,281	1,2,13,0,5	343	149
709	57,88,89,135	0,0,17,0	156,182,198,179,185	6,4,0,0,4	225	149
710	875,1673,1575,1528	12,7,17,21	599,959,644,884,862	59,38,80,76,62	418	149
711	1143,2190,2200,1935	24,161,128,146	906,1441,1113,1376,1295	181,200,235,244,204	458	149
713	16,33,22,21	11,18,42,81	35,32,12,44,13	4,7,8,8,6	254	149
714	16,33,22,21	15,15,28,23	35,32,12,44,14	6,3,6,2,0	257	149
715	819,1521,632,1425	78,201,188,166	408,628,526,603,447	155,156,84,47,121	278	149
716	96,178,210,287	2,8,6,2	115,230,199,329,177	20,30,25,43,43	245	149
717	94,176,201,287	9,2,10,4	111,230,198,320,175	4,33,24,27,35	242	149
718	738,1694,1693,1349	54,121,64,136	1212,1922,1889,2200,1817	44,94,55,84,214	233	149
719	29,46,71,46	0,4,0,0	123,120,104,119,73	8,0,2,0,4	237	149
720	1,8,20,262	14,64,41,94	1,0,4,11,0	2,2,2,1,11	218	149
721	62,175,231,134	6,28,42,15	258,275,278,304,364	29,79,68,83,46	209	149
722	3,22,35,15	9,0,0,2	14,24,16,43,45	0,0,0,0,0	214	149
723	43,104,85,116	79,156,279,242	63,91,85,111,94	19,28,66,97,87	221	149
724	0,0,16,2	0,0,0,0	192,101,11,398,6	0,0,0,14,0	254	149
725	116,189,199,226	0,2,6,10	247,295,271,348,270	6,11,4,13,0	218	149
726	38,86,42,82	0,2,0,3	233,120,128,168,178	0,0,0,0,0	407	149
727	4,10,22,0	117,239,216,173	14,5,1,13,3	324,482,533,611,696	224	149
728	231,466,394,412	2,2,12,10	326,384,315,391,473	6,12,7,12,6	256	149
729	5,32,64,72	3,13,67,8	37,23,32,40,26	19,38,72,52,18	223	149
730	98,282,202,612	42,157,39,22	40,134,45,94,112	7,72,0,3,23	225	149
731	27,140,297,874	24,34,0,39	14,22,18,47,12	0,0,2,0,0	238	149
732	35,150,345,888	8,64,0,7	14,24,24,49,24	4,10,0,0,0	302	149
733	39,166,397,1030	0,2,0,8	14,24,24,58,24	0,0,0,2,0	461	149
734	91,238,257,197	104,282,207,194	231,245,401,367,323	273,326,287,458,271	226	149
735	476,286,913,1159	165,395,518,310	114,259,100,309,144	345,421,423,494,341	246	149
736	441,677,482,857	127,277,425,256	145,433,249,343,229	62,115,58,142,70	255	149
737	7,67,98,94	0,6,35,6	53,35,89,82,29	0,0,0,0,0	291	149
739	8,8,662,12	99,214,193,253	440,83,95,61,997	249,789,251,776,434	335	149
740	459,935,2043,32	0,4,151,0	1076,69,60,38,2798	106,589,32,582,557	428	149
741	614,1301,3999,679	96,165,0,7	1595,2674,1403,2243,5632	2,285,0,183,0	893	149
742	614,1296,3600,662	0,0,11,477	1339,2656,1401,2241,4974	125,304,102,170,0	800	149
743	45,34,20,40	45,105,96,116	70,80,57,119,88	42,89,54,110,71	212	149
744	18,20,49,45	0,0,0,3	40,63,49,90,51	0,0,0,2,0	303	149
745	8,44,117,42	14,30,62,45	61,75,91,140,93	27,55,37,22,31	310	149
746	264,460,551,496	33,52,63,46	268,501,370,442,369	64,29,116,80,75	683	149
747	664,1601,896,1512	128,236,557,209	1282,1857,1696,2048,1836	30,89,37,50,86	546	149
748	58,112,346,90	26,23,79,5	132,133,91,125,99	15,20,14,8,4	309	149
749	14,15,24,143	0,8,7,12	6,72,16,23,30	0,2,6,0,6	215	149
750	116,267,300,226	22,3,25,10	161,156,201,197,143	2,3,0,2,4	646	149
751	604,910,573,853	52,139,104,122	621,733,706,949,641	169,214,151,104,184	226	149
752	610,917,581,904	457,1036,793,1009	621,747,707,949,643	644,765,814,386,798	231	149
753	17,34,118,40	63,153,292,185	115,93,129,224,88	208,295,268,428,234	247	149
754	2,2,17,12	11,36,73,87	12,8,13,14,12	10,11,0,6,9	296	149
755	22,42,8,75	6,4,0,2	10,4,5,3,4	0,0,0,0,0	227	149
756	486,1023,1120,867	155,534,956,525	886,1112,1123,1347,1224	155,168,259,281,227	206	149
757	154,194,81,381	2,4,11,40	67,99,94,88,59	1,11,2,3,8	217	149
758	0,12,16,0	0,3,0,0	61,95,124,86,62	0,0,21,7,23	223	149
759	119,334,376,376	10,20,41,17	108,106,26,90,88	28,41,3,48,26	299	149
762	10,14,16,11	307,387,331,415	0,4,0,3,2	29,88,37,76,26	206	149
763	65,106,277,254	0,0,0,1	152,213,243,262,186	0,4,15,0,12	311	149
764	44,15,74,68	3,28,38,30	6,6,5,10,0	19,58,36,74,70	229	149
765	20,115,28,36	0,6,20,0	209,226,239,470,448	7,55,17,50,26	232	149
766	10,8,69,22	0,0,0,0	0,27,19,7,3	0,0,0,1,0	266	149
767	317,839,354,683	345,768,564,871	2305,3761,3525,4729,3657	902,1313,1171,1475,1322	223	149
768	239,548,551,432	111,289,443,271	615,736,800,973,821	350,415,365,512,361	251	149
769	242,403,368,453	53,85,35,103	240,500,269,519,396	201,258,364,326,255	265	149
770	34,186,295,285	63,0,6,182	10,11,23,53,22	13,19,19,18,17	239	149
771	1,4,6,0	0,0,0,0	30,18,20,14,33	12,6,2,13,12	214	149
772	292,262,157,780	20,27,29,30	21,154,238,40,33	24,147,109,66,24	288	149
773	168,402,206,266	35,27,46,23	45,86,94,216,53	12,43,56,50,13	234	149
774	70,303,268,181	0,0,0,0	26,79,65,114,59	0,15,16,0,2	278	149
775	8,26,30,80	24,24,21,77	11,4,6,6,11	0,2,0,0,4	234	149
776	316,1011,847,907	135,475,394,510	351,428,494,607,496	563,745,798,898,736	227	149
777	153,332,121,194	0,10,10,28	1131,930,846,632,784	0,3,8,27,21	242	149
778	146,304,115,175	0,4,4,8	1111,918,823,626,761	2,1,0,6,20	221	149
779	43,79,54,59	0,4,1,2	202,244,247,343,361	2,0,7,8,6	1106	149
780	29,44,23,21	6,3,11,15	125,99,130,158,131	13,64,19,52,44	825	149
781	50,122,166,112	0,1,0,4	117,149,105,192,88	2,6,6,4,4	216	149
782	350,666,326,858	50,88,90,176	465,636,683,835,745	20,21,16,24,9	221	149
783	532,984,573,862	21,35,37,14	781,1099,970,1279,1157	14,36,27,49,43	382	149
785	338,873,661,711	78,142,378,206	634,791,693,885,752	92,172,122,143,155	216	149
786	792,2099,1764,1697	191,349,373,328	1227,1823,1520,1685,1684	301,512,432,509,447	432	149
787	281,549,888,709	26,96,145,64	590,760,760,755,812	39,92,74,56,91	227	149
788	704,1717,2386,1782	30,121,317,144	1488,2227,1796,2980,2124	34,45,92,91,83	275	149
789	1282,2456,2315,2330	23,79,115,72	772,1267,859,1383,1061	335,554,379,487,501	400	149
790	81,182,79,4	24,41,8,0	79,138,89,62,36	8,15,2,17,2	1432	149
791	259,471,751,614	95,247,623,299	475,668,415,571,609	80,192,89,57,113	275	149
792	148,347,971,721	47,116,172,138	165,538,259,388,146	48,62,54,29,32	244	149
794	64,164,102,115	2,0,0,0	76,152,56,4,158	0,0,0,0,2	241	149
795	268,494,918,578	5,4,20,10	471,573,420,435,414	13,23,7,16,12	258	149
796	268,489,909,564	4,7,27,10	455,567,416,424,411	33,34,31,51,34	255	149
797	28,49,37,78	0,0,6,5	19,18,35,55,19	0,0,0,0,0	292	149
798	11,5,6,56	4,22,71,11	0,11,7,6,5	2,1,0,12,0	217	149
799	2,13,40,18	0,6,20,0	56,24,38,71,59	0,0,0,0,0	221	149
800	79,203,34,254	22,14,20,10	33,76,1,28,41	10,36,33,57,62	312	149
801	8,15,153,30	0,13,80,31	35,46,21,45,80	4,14,8,15,6	221	149
802	33,29,447,37	0,4,53,2	13,36,47,39,41	0,8,2,2,4	239	149
803	4,10,21,30	0,0,51,2	15,16,17,2,24	2,16,0,6,4	226	149
804	4,10,16,30	0,0,17,0	15,16,17,2,24	0,3,0,0,0	200	149
805	531,948,1472,1033	15,41,20,84	726,1111,843,1347,892	8,37,27,39,24	230	149
806	1458,3164,2719,2106	105,205,631,132	2453,1886,2220,2738,1414	45,20,25,44,5	281	149
807	15,27,65,27	171,284,597,467	32,27,40,55,38	320,541,369,518,466	257	149
808	107,213,82,79	8,32,14,14	66,137,147,158,126	20,43,55,17,17	210	149
809	148,295,183,315	28,93,192,75	117,420,365,377,288	165,364,215,195,357	332	149
810	119,158,85,30	131,293,123,97	51,176,172,224,101	1,13,2,32,6	211	149
812	98,202,172,142	12,5,28,21	72,149,144,109,81	14,10,2,2,3	227	149
813	116,269,94,434	1,0,17,7	18,98,26,24,43	0,0,0,0,0	339	149
814	315,864,455,579	62,321,156,324	300,411,446,461,422	151,232,237,222,210	227	149
815	84,262,325,208	2,8,13,12	131,302,168,227,186	9,15,13,26,32	212	149
816	648,1429,1010,1427	58,91,139,135	1388,2144,1966,2780,2133	51,87,94,120,71	269	149
817	612,1304,951,1372	19,26,38,58	1327,2057,1887,2643,2013	7,35,30,47,23	227	149
818	608,1283,945,1346	48,90,179,185	1320,2045,1870,2625,2004	31,49,94,80,40	218	149
819	83,109,89,194	5,4,3,12	56,151,122,180,86	0,8,1,11,3	222	149
820	95,120,104,206	6,7,3,14	70,185,152,238,102	1,3,3,8,0	237	149
821	106,147,213,158	4,0,0,0	57,94,59,66,76	0,0,2,0,8	221	149
822	201,281,460,247	0,0,2,6	212,220,227,247,238	3,12,2,12,6	335	149
823	412,967,2238,1093	48,113,323,122	1038,1334,1106,1563,1247	57,72,121,151,105	208	149
824	99,326,93,37	4,21,10,0	139,147,58,204,196	20,16,2,29,13	241	149
825	1644,3750,883,3127	16,91,44,65	4840,8143,8029,7107,7767	133,107,167,202,192	227	149
827	127,83,44,204	4,24,7,12	11,22,10,6,8	33,55,88,30,76	230	149
828	108,228,117,180	53,157,81,78	315,285,345,417,381	38,51,32,47,50	539	149
829	362,2426,2703,1444	2,0,1,0	1716,1205,1144,2026,997	227,1,1,1,195	215	149
830	1226,8657,7647,4825	10,32,43,64	4514,4120,4166,6556,2585	569,18,19,66,287	839	149
831	134,443,207,466	3,21,0,9	421,598,684,1110,751	24,49,45,91,58	275	149
832	52,144,47,119	0,11,0,4	112,254,223,337,265	15,8,0,8,20	326	149
833	142,403,165,319	7,11,4,3	430,574,488,978,590	9,5,8,13,11	568	149
834	95,266,122,209	2,6,10,7	325,358,284,666,366	27,55,28,58,20	278	149
835	175,505,219,481	6,17,0,12	549,801,668,1382,869	1,5,0,4,0	925	149
836	63,162,107,222	0,8,0,0	226,340,279,675,388	11,4,0,1,3	470	149
837	153,258,199,190	12,11,54,45	210,315,226,298,334	7,18,8,12,14	215	149
838	371,623,312,661	195,339,250,359	974,1921,1331,2450,1555	241,552,386,776,424	215	149
840	0,1,6,0	4,0,16,0	2,7,4,0,0	6,1,0,9,0	312	149
841	0,18,101,22	6,7,126,10	8,10,11,7,11	0,0,0,0,0	237	149
842	100,270,199,354	84,158,85,64	255,349,348,462,461	164,291,134,406,253	269	149
843	27,77,37,121	4,0,0,6	131,211,187,268,220	10,21,19,36,0	302	149
844	190,331,207,250	14,29,46,39	93,76,66,112,73	19,15,21,6,19	212	149
845	200,310,240,241	36,132,157,130	208,298,270,468,246	52,108,109,84,53	212	149
846	96,69,79,206	0,33,8,28	21,38,27,41,18	2,8,6,4,0	226	149
847	5,53,8,40	0,0,4,0	48,64,23,93,63	2,8,0,4,7	222	149
848	341,791,507,1524	33,85,6,3	1291,1773,1723,1266,1506	97,138,135,42,38	1818	149
849	193,509,214,536	25,49,14,52	1017,1277,1351,999,1008	10,167,11,19,14	1623	149
850	40,125,108,210	0,2,0,0	411,616,574,325,683	10,0,3,67,4	258	149
851	28,90,68,147	10,23,64,30	307,449,423,239,453	3,24,3,21,36	222	149
852	114,217,265,388	53,165,14,276	644,1011,839,399,1079	80,99,109,44,62	464	149
853	102,182,225,325	0,0,6,0	540,844,694,313,849	3,0,0,0,0	428	149
854	265,855,4681,1724	176,525,621,146	3505,2464,2354,1869,2445	1259,483,594,1007,749	345	149
855	76,159,2529,819	19,73,149,17	2310,1526,1483,1489,1343	72,25,60,94,40	263	149
856	199,178,143,362	45,96,95,82	10,63,43,63,35	47,51,61,57,58	310	149
858	8,12,99,50	0,0,7,2	66,93,61,109,99	6,15,29,26,11	246	149
859	7,12,91,42	0,0,7,0	53,83,39,78,82	9,0,4,7,19	226	149
860	8,12,99,50	0,0,2,2	68,99,65,115,112	26,14,37,64,90	250	149
861	7,12,91,42	0,4,12,2	55,89,43,84,93	5,12,23,14,13	230	149
862	8,12,102,51	0,2,17,0	78,101,81,129,140	0,0,9,12,23	274	149
863	7,12,94,43	0,0,11,0	65,91,59,98,123	0,0,0,2,10	254	149
864	126,203,174,243	37,44,28,58	65,101,73,124,78	0,1,0,6,4	212	149
865	222,237,88,310	120,193,64,226	141,320,227,310,245	58,147,52,155,113	510	149
866	279,486,173,563	12,37,71,28	522,912,497,1023,816	23,118,8,106,43	679	149
867	2,9,29,29	6,32,4,79	35,20,12,53,12	26,7,4,0,12	212	149
868	10,26,73,71	2,3,32,11	9,42,34,41,65	0,2,2,2,0	235	149
869	60,239,515,394	0,0,0,1	108,192,176,152,215	0,0,0,0,0	1177	149
870	270,609,422,583	12,46,81,21	566,876,807,994,827	0,2,2,4,8	245	149
872	150,292,737,388	34,235,441,199	317,330,509,466,456	62,101,96,79,129	206	149
873	431,866,769,782	43,142,83,98	861,1236,1156,1374,1123	119,172,213,281,169	233	149
874	12,30,62,22	41,125,94,51	17,21,23,24,30	8,19,14,24,20	237	149
875	0,0,0,6	0,0,0,0	15,50,46,10,4	0,0,7,0,0	221	149
876	1,4,103,22	0,2,0,0	10,10,72,6,20	1,6,9,0,0	278	149
877	2,0,3,6	0,8,2,0	2,2,2,6,8	0,2,0,6,0	210	149
879	150,280,237,341	6,17,31,26	215,372,210,293,240	33,70,12,41,24	311	149
880	17,59,24,54	26,54,33,38	25,21,20,34,31	31,79,66,95,66	209	149
881	56,19,37,197	211,424,378,518	41,39,52,58,29	30,80,25,23,43	233	149
882	66,192,361,222	71,193,373,168	239,328,340,392,276	159,137,91,170,86	227	149
883	475,856,1119,910	52,113,166,143	1808,1761,1667,2228,1697	72,115,138,133,151	233	149
884	103,276,352,246	9,24,20,10	548,496,387,617,392	29,39,32,24,21	230	149
885	62,173,264,156	5,9,5,7	334,426,356,685,524	2,12,9,16,2	227	149
886	314,615,601,554	16,9,6,14	146,206,122,176,131	0,0,10,0,1	245	149
887	67,130,177,98	0,0,0,0	35,87,87,96,110	0,0,1,2,0	471	149
888	68,142,214,132	0,0,0,0	37,99,98,147,123	0,0,0,4,0	541	149
889	70,153,231,148	0,0,0,0	43,105,99,170,137	0,0,0,5,0	625	149
890	16,13,30,15	2,2,8,2	14,24,22,19,12	0,0,0,0,0	295	149
891	23,20,8,0	0,4,2,0	2,16,29,7,5	0,0,0,4,0	219	149
892	0,20,22,0	2,5,8,2	13,1,1,5,6	1,7,8,0,3	222	149
893	373,1019,954,617	0,2,12,0	541,643,555,446,849	8,0,4,2,2	5471	149
894	0,24,29,14	1,0,4,0	11,7,24,21,18	0,0,0,0,0	236	149
896	8,5,4,8	0,2,0,0	2,11,0,12,2	0,0,0,0,0	248	149
901	33,31,62,83	2,2,13,8	8,19,28,32,21	0,0,0,0,0	253	149
903	20,35,60,75	0,0,10,0	51,78,83,68,84	6,1,5,0,6	264	149
904	1142,2560,1824,3291	2,2,0,0	568,903,597,1031,681	0,0,0,0,0	1463	149
905	408,1042,556,848	57,85,124,76	1211,1559,1377,1595,1698	51,75,200,89,80	230	149
906	416,951,415,620	0,2,4,4	485,452,259,560,508	0,0,0,0,0	2633	149
907	139,232,194,286	9,9,10,44	48,83,46,45,44	0,2,0,3,0	259	149
908	156,405,189,391	131,287,301,242	563,628,498,591,528	162,172,161,255,269	498	149
909	0,0,6,8	0,1,4,12	7,10,2,14,6	2,6,2,3,0	232	149
910	632,959,297,713	52,72,38,57	116,186,204,216,175	16,7,13,27,19	212	149
911	360,804,726,1134	27,85,107,136	812,1411,1589,1618,1540	87,133,146,161,168	224	149
912	41,75,237,105	8,63,108,82	67,115,181,169,92	10,14,27,4,21	233	149
913	0,26,21,4	0,0,0,0	12,30,22,30,26	28,33,0,0,26	221	149
914	16,45,6,88	2,4,15,6	51,148,100,197,89	0,12,4,4,11	232	149
915	343,573,714,1164	22,47,14,44	1346,1598,1272,1585,1732	13,19,9,41,6	641	149
916	224,361,536,811	61,70,73,128	1108,1294,958,1287,1430	45,14,21,53,31	605	149
917	38,74,236,363	167,222,257,249	663,600,471,846,858	138,190,127,123,141	326	149
918	13,5,59,52	8,21,32,8	47,65,30,22,51	6,0,0,0,3	342	149
919	12,2,51,51	9,10,57,16	47,64,30,22,44	4,2,0,2,0	339	149
920	2,38,316,203	2,3,77,12	8,60,43,19,42	4,8,2,2,2	410	149
921	2,38,301,195	7,3,138,30	8,58,42,17,42	11,14,15,11,4	404	149
922	2,18,106,31	1,25,131,53	0,16,6,6,4	2,18,29,10,27	214	149
923	2,30,28,55	0,2,4,8	42,28,51,25,48	8,0,5,0,4	1085	149
924	133,222,580,167	7,28,99,9	587,692,486,605,457	39,8,12,10,5	305	149
925	26,176,136,157	0,11,16,2	84,118,73,96,84	20,25,7,27,23	243	149
926	8,180,121,139	2,11,33,9	98,116,56,63,70	6,0,0,0,1	212	149
927	8,62,233,66	0,2,0,0	42,42,18,90,39	0,0,0,0,0	3007	149
929	4,16,39,42	0,2,2,4	20,6,10,18,16	0,1,0,4,6	646	149
930	2,10,110,24	0,0,15,0	8,4,18,27,8	0,0,0,0,0	964	149
931	33,8,67,58	1,0,1,0	80,62,76,91,43	0,2,0,0,0	1163	149
932	3,7,59,43	10,9,85,11	10,8,6,5,22	0,0,4,10,2	224	149
933	13,20,29,26	0,0,6,0	25,57,25,43,27	0,2,0,0,2	471	149
934	13,10,10,13	4,0,8,0	23,50,26,41,42	0,2,0,0,0	217	149
935	9,6,15,1	0,0,8,0	14,8,12,18,5	4,8,0,0,4	236	149
936	23,43,73,115	41,43,216,24	66,105,43,117,32	128,203,158,243,153	247	149
937	71,179,474,337	0,21,52,16	353,551,506,662,403	10,10,13,49,23	308	149
938	69,178,440,176	2,3,63,5	404,525,406,564,412	8,32,16,19,47	228	149
939	31,47,93,87	4,16,82,6	158,223,120,159,83	57,52,53,84,76	273	149
940	0,0,1,0	0,12,12,0	0,7,0,11,0	0,4,3,1,0	228	149
941	21,36,74,45	2,2,33,0	26,55,23,61,43	10,15,13,5,0	258	149
943	1032,2777,2239,2101	192,284,199,285	1308,2090,1545,1949,1904	65,100,74,117,157	179	149
944	439,1254,1160,838	69,253,203,217	1183,1623,1643,1829,1570	56,104,104,125,78	245	149
945	130,430,276,357	17,74,50,77	278,234,299,356,307	10,14,16,36,11	238	149
946	40,109,195,147	2,34,12,10	120,160,165,277,166	23,21,4,38,13	249	149
947	563,958,881,1688	0,0,3,0	922,1143,1038,1661,1264	0,0,0,0,0	1789	149
948	307,552,554,982	7,16,2,13	497,646,493,845,747	1,0,2,11,3	389	149
949	38,49,23,135	0,24,10,20	11,14,30,22,6	0,0,0,2,0	234	149
950	1164,2598,2615,2540	335,683,424,582	1424,1807,1879,2335,1718	34,64,76,79,93	233	149
951	19,49,57,57	0,2,14,0	68,78,69,147,93	0,0,0,0,0	290	149
952	18,49,42,56	1,4,37,16	67,74,68,143,84	6,0,6,10,4	287	149
953	54,100,162,135	0,13,23,26	165,214,201,315,264	3,10,24,43,8	497	149
954	154,253,467,333	12,22,20,13	427,566,418,670,500	28,8,11,10,14	309	149
955	2,4,10,0	4,0,8,2	13,6,6,14,9	1,4,11,22,0	256	149
958	42,220,74,84	0,0,0,0	78,61,68,62,64	0,0,0,0,2	202	149
959	2,7,17,13	0,1,0,0	352,333,314,210,186	2,0,0,0,0	212	149
960	34,61,36,22	2,5,22,0	57,90,40,58,93	4,0,0,0,0	231	149
961	182,558,439,455	0,0,2,0	492,512,566,527,673	14,2,19,11,0	300	149
963	6,8,7,6	6,0,0,4	12,10,18,0,2	7,0,0,0,0	435	149
964	0,16,90,2	2,3,206,11	5,10,7,0,6	0,2,6,10,2	206	149
965	82,79,50,106	49,80,98,137	215,264,269,510,388	293,427,263,683,484	271	149
966	0,0,0,2	0,2,2,0	10,2,18,10,3	4,0,17,3,2	218	149
967	0,1,6,2	0,0,0,0	14,13,32,24,7	1,0,2,2,9	327	149
968	6,0,3,2	0,0,4,0	20,12,31,8,10	1,6,4,4,2	266	149
969	0,0,1,0	0,0,0,0	0,12,6,5,8	0,0,2,0,2	225	149
970	143,350,311,348	7,17,6,21	223,362,341,424,333	6,25,14,31,16	248	149
971	6,64,55,28	0,0,0,0	7,10,14,13,12	2,0,8,4,0	257	149
972	396,707,802,1176	52,100,108,152	591,823,747,683,738	152,143,130,207,169	209	149
973	11,55,76,13	2,10,0,6	6,2,9,6,11	0,4,0,0,0	253	149
974	54,110,82,149	52,94,39,53	4,2,10,1,1	0,1,0,0,2	246	149
975	289,694,634,518	184,467,1050,580	628,757,809,1014,869	499,594,637,626,592	248	149
976	0,5,0,0	66,138,214,125	0,1,1,5,4	194,223,287,309,277	230	149
977	2,5,67,10	0,0,11,0	28,36,10,41,26	6,2,0,6,0	310	149
978	0,2,27,4	6,0,4,0	4,3,2,5,0	2,3,0,0,6	243	149
979	2,0,6,0	0,0,0,0	4,2,2,40,2	4,0,0,3,0	221	149
981	2,0,26,0	0,0,11,0	5,14,0,2,16	2,9,0,0,2	255	149
982	4,23,31,14	204,213,205,279	6,9,9,10,6	38,67,54,113,48	221	149
983	94,89,93,114	2,2,1,3	50,124,114,119,98	22,19,3,10,15	249	149
984	85,89,93,114	41,4,0,8	50,124,114,119,98	0,2,30,0,2	207	149
985	246,696,723,767	14,31,113,27	294,536,252,550,439	0,0,8,0,0	224	149
986	256,703,731,776	15,33,153,27	295,538,252,553,439	0,10,0,0,4	233	149
987	53,150,125,216	6,18,14,31	36,131,85,95,98	29,47,32,39,65	224	149
988	10,25,25,2	8,30,61,0	28,38,33,81,71	29,12,23,35,59	362	149
989	31,106,178,54	0,16,35,0	192,209,172,279,316	6,2,1,4,9	305	149
990	20,59,143,13	2,11,61,0	28,71,38,46,143	6,8,12,37,79	373	149
991	16,48,86,11	0,0,4,3	18,67,30,31,95	8,1,0,9,0	307	149
992	151,383,113,320	86,273,113,193	166,364,254,435,289	223,362,352,515,300	267	149
993	200,562,163,433	40,177,86,129	341,538,445,615,494	52,85,82,180,69	301	149
994	84,104,83,160	9,6,10,55	20,66,41,53,38	2,2,0,0,0	255	149
995	6,14,122,8	0,2,0,2	10,14,11,4,16	0,0,0,0,1	212	149
996	62,149,725,48	2,10,55,24	67,76,136,58,125	14,17,9,2,3	1762	149
997	63,132,127,225	4,13,13,2	126,91,133,191,127	13,11,32,28,45	215	149
998	157,521,319,367	14,23,18,22	381,518,591,717,581	1,16,22,26,9	224	149
1000	15,55,33,65	3,20,0,3	8,37,22,55,44	0,5,0,2,0	327	149
1001	285,561,203,472	6,10,2,6	64,154,82,158,119	0,0,0,0,8	420	149
1002	1490,559,440,497	56,477,577,514	264,417,354,501,1656	287,522,380,464,254	221	149
1003	2752,1158,933,1088	45,204,213,238	555,699,778,1305,3280	118,212,153,311,114	362	149
1004	1697,665,564,591	0,3,0,8	353,515,434,682,1886	0,1,1,7,1	257	149
1005	1212,2076,3514,1280	271,301,542,200	1626,949,1766,1856,2216	315,1510,347,3503,350	185	149
1006	1273,1354,664,1028	3,6,4,8	638,2014,1295,1222,1359	2,4,5,1534,4	179	149
1007	1761,913,15,694	65,4,186,2	299,693,749,1182,707	67,237,14,290,4	221	149
1008	2338,1380,41,1036	1,10,1092,2	452,1339,1221,1073,1179	391,10,6,97,6	269	149
1009	3374,2937,3244,1924	0,252,10,130	1753,1617,2492,2315,2940	44,106,176,127,107	413	149
1010	2040,913,17,710	7,25,6,161	299,703,749,1183,707	46,118,129,62,35	251	149
1011	301,558,413,531	94,205,156,194	208,364,179,352,248	3,4,10,19,15	212	149
1012	764,1839,1348,1585	47,107,234,198	1402,1627,1703,2065,1956	40,30,53,91,49	209	149
1015	20,0,11,45	26,2,21,71	0,2,1,2,0	0,0,0,0,0	584	149
1018	8,29,43,39	2,12,1,12	47,57,65,49,52	12,25,12,42,22	233	149
1020	2,5,73,4	0,0,28,0	6,22,35,22,20	0,0,2,0,0	789	149
1021	2,5,72,4	0,0,1,0	6,19,28,18,19	0,0,0,0,0	745	149
1022	2,2,24,4	2,0,71,0	1,10,8,2,11	11,52,5,11,14	276	149
1023	768,999,434,1783	84,156,152,185	257,517,413,445,446	12,65,69,62,52	434	149
1024	2277,4210,2534,3644	63,108,298,144	4127,7184,6738,9039,6808	41,32,62,94,64	230	149
1025	6,22,33,22	13,11,33,4	39,62,53,40,87	22,54,48,42,37	212	149
1026	80,118,213,175	37,37,150,90	139,175,205,212,146	164,215,167,248,171	258	149
1027	0,0,6,1	0,0,14,55	18,0,2,0,6	18,0,18,28,32	219	149
1028	0,2,163,0	4,0,42,6	4,6,0,4,0	0,0,6,0,0	262	149
1029	0,19,520,2	0,2,13,0	5,8,8,25,2	0,12,4,2,0	1191	149
1030	0,17,244,0	0,0,18,2	0,0,6,12,0	1,2,0,4,0	723	149
1031	128,542,239,243	19,17,10,39	746,1240,1218,983,1046	26,56,11,78,46	1678	149
1032	110,505,194,208	7,29,2,14	637,1090,1057,744,903	69,51,57,133,115	1633	149
1033	100,385,151,181	0,0,0,0	510,786,754,427,669	0,38,36,89,15	1360	149
1034	26,46,48,39	0,0,0,1	58,117,83,56,44	0,8,1,0,5	809	149
1035	984,2789,4074,2266	39,231,565,118	2445,2918,2834,3157,2892	95,127,111,93,126	245	149
1036	8,3,16,10	0,0,12,0	0,2,4,4,0	0,0,0,0,0	300	149
1037	4,18,1,4	0,6,0,0	8,0,10,27,12	0,0,0,0,0	218	149
1038	273,35,92,1092	32,8,18,331	74,35,249,314,41	40,10,224,326,39	301	149
1039	55,92,6,20	0,11,2,10	51,79,155,118,61	6,18,26,51,12	448	149
1040	274,704,149,454	17,25,30,14	600,383,396,505,230	168,92,72,61,32	298	149
1041	3,2,23,21	0,0,0,2	15,27,11,26,14	2,3,0,7,0	234	149
1042	77,161,143,204	2,2,2,2	121,163,196,195,141	6,6,4,34,0	253	149
1043	145,143,436,123	5,0,8,0	278,542,517,386,378	0,0,0,2,2	1149	149
1044	16,184,65,227	20,153,65,20	29,99,74,108,35	14,23,35,64,41	254	149
1045	9,29,6,25	6,9,1,0	0,16,6,5,23	1,0,1,0,0	286	149
1046	60,366,124,180	0,4,2,0	81,111,143,159,125	0,0,0,0,0	581	149
1047	48,279,110,149	0,14,24,0	65,77,107,117,99	10,37,17,36,14	278	149
1048	172,1078,357,496	2,44,10,17	310,301,432,526,473	4,23,10,15,4	926	149
1049	76,517,176,256	0,0,0,0	128,153,217,258,232	0,0,2,0,0	649	149
1050	64,430,162,225	0,0,0,0	112,119,181,216,206	0,0,7,0,0	346	149
1051	74,442,130,596	120,412,108,0	440,352,455,383,495	0,261,146,226,144	260	149
1052	21,51,7,42	4,23,6,17	10,12,17,22,27	0,0,0,0,0	264	149
1053	8,0,0,0	3,2,0,4	4,0,0,4,0	8,12,12,9,9	253	149
1054	0,0,0,0	0,2,0,2	2,3,0,14,2	0,2,10,9,0	224	149
1055	21,84,39,42	2,24,8,23	38,92,49,97,76	20,35,16,25,20	355	149
1056	467,1063,495,461	15,30,18,31	539,948,806,1055,824	6,21,24,16,23	296	149
1057	484,947,944,847	13,68,36,36	935,1527,964,1284,1227	4,32,6,24,18	408	149
1058	3,26,14,24	0,12,1,4	15,20,12,13,26	6,2,7,0,36	308	149
1060	29,161,70,154	6,3,0,37	154,234,277,415,201	10,0,14,9,0	265	149
1061	343,615,1618,700	14,77,157,126	517,772,920,1022,678	18,20,73,31,20	224	149
1062	34,69,16,96	0,16,0,4	112,229,210,258,196	23,36,28,39,62	228	149
1063	754,1477,2634,1182	1101,2149,2644,2144	3555,4651,4267,5315,4444	373,432,527,608,461	239	149
1064	11,0,3,10	2,0,0,8	2,22,0,2,0	0,4,0,0,0	228	149
